Profiling Info for Benchmark Initialization:
============================== Run Order ==============================
node type,first,avg_ms,%,cdf%,mem KB,times called,name
ModifyGraphWithDelegate,4.117,4.117,77.9587%,77.9587%,18944,1,ModifyGraphWithDelegate/0
AllocateTensors,1.164,1.164,22.0413%,100%,2304,1,AllocateTensors/0

============================== Top by Computation Time ==============================
node type,first,avg_ms,%,cdf%,mem KB,times called,name
ModifyGraphWithDelegate,4.117,4.117,77.9587%,77.9587%,18944,1,ModifyGraphWithDelegate/0
AllocateTensors,1.164,1.164,22.0413%,100%,2304,1,AllocateTensors/0

Number of nodes executed: 2
============================== Summary by node type ==============================
node type,count,avg_ms,avg %,cdf %,mem KB,times called
ModifyGraphWithDelegate,1,4.117,77.9587%,77.9587%,18944,1
AllocateTensors,1,1.164,22.0413%,100%,2304,1

Timings (microseconds): count=1 curr=5281
Memory (bytes): count=0
2 nodes observed


Operator-wise Profiling Info for Regular Benchmark Runs:
============================== Run Order ==============================
node type,first,avg_ms,%,cdf%,mem KB,times called,name
"Convolution (NHWC, F32) IGEMM",0.125,0.128464,9.06208%,9.06208%,0,1,Delegate/Convolution (NHWC	 F32) IGEMM:0
HardSwish (NC),0.011,0.011104,0.783296%,9.84537%,0,1,Delegate/HardSwish (NC):1
"Convolution (NHWC, F32) DWConv",0.023,0.023034,1.62486%,11.4702%,0,1,Delegate/Convolution (NHWC	 F32) DWConv:2
Sum (ND) Reduce,0.002,0.00201,0.141789%,11.612%,0,1,Delegate/Sum (ND) Reduce:3
Multiply (ND),0,0,0%,11.612%,0,1,Delegate/Multiply (ND):4
Static Reshape (NC),0,0,0%,11.612%,0,1,Delegate/Static Reshape (NC):5
"Fully Connected (NC, F32) GEMM",0,0,0%,11.612%,0,1,Delegate/Fully Connected (NC	 F32) GEMM:6
"Fully Connected (NC, F32) GEMM",0,0,0%,11.612%,0,1,Delegate/Fully Connected (NC	 F32) GEMM:7
Multiply (ND),0,0,0%,11.612%,0,1,Delegate/Multiply (ND):8
Multiply (ND),0.005,0.005144,0.362867%,11.9749%,0,1,Delegate/Multiply (ND):9
"Fully Connected (NC, F32) GEMM",0.013,0.013432,0.947517%,12.9224%,0,1,Delegate/Fully Connected (NC	 F32) GEMM:10
"Fully Connected (NC, F32) GEMM",0.107,0.108856,7.67889%,20.6013%,0,1,Delegate/Fully Connected (NC	 F32) GEMM:11
"Convolution (NHWC, F32) DWConv",0.02,0.020348,1.43538%,22.0367%,0,1,Delegate/Convolution (NHWC	 F32) DWConv:12
"Fully Connected (NC, F32) GEMM",0.036,0.03619,2.55291%,24.5896%,0,1,Delegate/Fully Connected (NC	 F32) GEMM:13
"Fully Connected (NC, F32) GEMM",0.046,0.04757,3.35567%,27.9453%,0,1,Delegate/Fully Connected (NC	 F32) GEMM:14
"Convolution (NHWC, F32) DWConv",0.021,0.021622,1.52525%,29.4705%,0,1,Delegate/Convolution (NHWC	 F32) DWConv:15
"Fully Connected (NC, F32) GEMM",0.044,0.043974,3.102%,32.5725%,0,1,Delegate/Fully Connected (NC	 F32) GEMM:16
Add (ND),0.001,0.001008,0.0711061%,32.6436%,0,1,Delegate/Add (ND):17
"Fully Connected (NC, F32) GEMM",0.028,0.027952,1.97178%,34.6154%,0,1,Delegate/Fully Connected (NC	 F32) GEMM:18
HardSwish (NC),0.003,0.00355,0.250423%,34.8658%,0,1,Delegate/HardSwish (NC):19
"Convolution (NHWC, F32) DWConv",0.017,0.017318,1.22164%,36.0875%,0,1,Delegate/Convolution (NHWC	 F32) DWConv:20
HardSwish (NC),0.001,0.001,0.0705418%,36.158%,0,1,Delegate/HardSwish (NC):21
Sum (ND) Reduce,0,1.2e-05,0.000846501%,36.1589%,0,1,Delegate/Sum (ND) Reduce:22
Multiply (ND),0,0,0%,36.1589%,0,1,Delegate/Multiply (ND):23
Static Reshape (NC),0,0,0%,36.1589%,0,1,Delegate/Static Reshape (NC):24
"Fully Connected (NC, F32) GEMM",0,2.2e-05,0.00155192%,36.1604%,0,1,Delegate/Fully Connected (NC	 F32) GEMM:25
"Fully Connected (NC, F32) GEMM",0,0,0%,36.1604%,0,1,Delegate/Fully Connected (NC	 F32) GEMM:26
Multiply (ND),0,0,0%,36.1604%,0,1,Delegate/Multiply (ND):27
Multiply (ND),0.001,0.001,0.0705418%,36.231%,0,1,Delegate/Multiply (ND):28
"Fully Connected (NC, F32) GEMM",0.019,0.01981,1.39743%,37.6284%,0,1,Delegate/Fully Connected (NC	 F32) GEMM:29
"Fully Connected (NC, F32) GEMM",0.029,0.029194,2.0594%,39.6878%,0,1,Delegate/Fully Connected (NC	 F32) GEMM:30
HardSwish (NC),0.002,0.002014,0.142071%,39.8299%,0,1,Delegate/HardSwish (NC):31
"Convolution (NHWC, F32) DWConv",0.041,0.042156,2.97376%,42.8036%,0,1,Delegate/Convolution (NHWC	 F32) DWConv:32
HardSwish (NC),0.002,0.002074,0.146304%,42.9499%,0,1,Delegate/HardSwish (NC):33
Sum (ND) Reduce,0.001,0.001008,0.0711061%,43.021%,0,1,Delegate/Sum (ND) Reduce:34
Multiply (ND),0,4e-06,0.000282167%,43.0213%,0,1,Delegate/Multiply (ND):35
Static Reshape (NC),0,0,0%,43.0213%,0,1,Delegate/Static Reshape (NC):36
"Fully Connected (NC, F32) GEMM",0.001,0.000524,0.0369639%,43.0583%,0,1,Delegate/Fully Connected (NC	 F32) GEMM:37
"Fully Connected (NC, F32) GEMM",0.001,0.00056,0.0395034%,43.0978%,0,1,Delegate/Fully Connected (NC	 F32) GEMM:38
Multiply (ND),0,0,0%,43.0978%,0,1,Delegate/Multiply (ND):39
Multiply (ND),0.003,0.002914,0.205559%,43.3033%,0,1,Delegate/Multiply (ND):40
"Fully Connected (NC, F32) GEMM",0.049,0.049036,3.45909%,46.7624%,0,1,Delegate/Fully Connected (NC	 F32) GEMM:41
Add (ND),0,4e-06,0.000282167%,46.7627%,0,1,Delegate/Add (ND):42
"Fully Connected (NC, F32) GEMM",0.029,0.029162,2.05714%,48.8198%,0,1,Delegate/Fully Connected (NC	 F32) GEMM:43
HardSwish (NC),0.002,0.002014,0.142071%,48.9619%,0,1,Delegate/HardSwish (NC):44
"Convolution (NHWC, F32) DWConv",0.041,0.042162,2.97418%,51.9361%,0,1,Delegate/Convolution (NHWC	 F32) DWConv:45
HardSwish (NC),0.002,0.002122,0.14969%,52.0858%,0,1,Delegate/HardSwish (NC):46
Sum (ND) Reduce,0.001,0.001004,0.0708239%,52.1566%,0,1,Delegate/Sum (ND) Reduce:47
Multiply (ND),0,0,0%,52.1566%,0,1,Delegate/Multiply (ND):48
Static Reshape (NC),0,6e-06,0.000423251%,52.157%,0,1,Delegate/Static Reshape (NC):49
"Fully Connected (NC, F32) GEMM",0,0.00044,0.0310384%,52.1881%,0,1,Delegate/Fully Connected (NC	 F32) GEMM:50
"Fully Connected (NC, F32) GEMM",0,0.00037,0.0261005%,52.2142%,0,1,Delegate/Fully Connected (NC	 F32) GEMM:51
Multiply (ND),0,0,0%,52.2142%,0,1,Delegate/Multiply (ND):52
Multiply (ND),0.002,0.002796,0.197235%,52.4114%,0,1,Delegate/Multiply (ND):53
"Fully Connected (NC, F32) GEMM",0.051,0.049194,3.47023%,55.8816%,0,1,Delegate/Fully Connected (NC	 F32) GEMM:54
Add (ND),0,1.2e-05,0.000846501%,55.8825%,0,1,Delegate/Add (ND):55
"Fully Connected (NC, F32) GEMM",0.025,0.025826,1.82181%,57.7043%,0,1,Delegate/Fully Connected (NC	 F32) GEMM:56
HardSwish (NC),0.001,0.001004,0.0708239%,57.7751%,0,1,Delegate/HardSwish (NC):57
"Convolution (NHWC, F32) DWConv",0.021,0.021336,1.50508%,59.2802%,0,1,Delegate/Convolution (NHWC	 F32) DWConv:58
HardSwish (NC),0.001,0.001016,0.0716704%,59.3519%,0,1,Delegate/HardSwish (NC):59
Sum (ND) Reduce,0,1.2e-05,0.000846501%,59.3527%,0,1,Delegate/Sum (ND) Reduce:60
Multiply (ND),0,0,0%,59.3527%,0,1,Delegate/Multiply (ND):61
Static Reshape (NC),0,2e-06,0.000141084%,59.3528%,0,1,Delegate/Static Reshape (NC):62
"Fully Connected (NC, F32) GEMM",0,2.6e-05,0.00183409%,59.3547%,0,1,Delegate/Fully Connected (NC	 F32) GEMM:63
"Fully Connected (NC, F32) GEMM",0,7.2e-05,0.00507901%,59.3598%,0,1,Delegate/Fully Connected (NC	 F32) GEMM:64
Multiply (ND),0,1.8e-05,0.00126975%,59.361%,0,1,Delegate/Multiply (ND):65
Multiply (ND),0.002,0.00202,0.142494%,59.5035%,0,1,Delegate/Multiply (ND):66
"Fully Connected (NC, F32) GEMM",0.017,0.017252,1.21699%,60.7205%,0,1,Delegate/Fully Connected (NC	 F32) GEMM:67
"Fully Connected (NC, F32) GEMM",0.021,0.020944,1.47743%,62.1979%,0,1,Delegate/Fully Connected (NC	 F32) GEMM:68
HardSwish (NC),0.001,0.001038,0.0732223%,62.2712%,0,1,Delegate/HardSwish (NC):69
"Convolution (NHWC, F32) DWConv",0.025,0.024072,1.69808%,63.9692%,0,1,Delegate/Convolution (NHWC	 F32) DWConv:70
HardSwish (NC),0.001,0.001022,0.0720937%,64.0413%,0,1,Delegate/HardSwish (NC):71
Sum (ND) Reduce,0,3.4e-05,0.00239842%,64.0437%,0,1,Delegate/Sum (ND) Reduce:72
Multiply (ND),0,0,0%,64.0437%,0,1,Delegate/Multiply (ND):73
Static Reshape (NC),0,0,0%,64.0437%,0,1,Delegate/Static Reshape (NC):74
"Fully Connected (NC, F32) GEMM",0,3e-05,0.00211625%,64.0459%,0,1,Delegate/Fully Connected (NC	 F32) GEMM:75
"Fully Connected (NC, F32) GEMM",0,4e-06,0.000282167%,64.0461%,0,1,Delegate/Fully Connected (NC	 F32) GEMM:76
Multiply (ND),0,0,0%,64.0461%,0,1,Delegate/Multiply (ND):77
Multiply (ND),0.002,0.00113,0.0797122%,64.1258%,0,1,Delegate/Multiply (ND):78
"Fully Connected (NC, F32) GEMM",0.023,0.020924,1.47602%,65.6019%,0,1,Delegate/Fully Connected (NC	 F32) GEMM:79
Add (ND),0,4e-06,0.000282167%,65.6021%,0,1,Delegate/Add (ND):80
"Fully Connected (NC, F32) GEMM",0.041,0.041932,2.95796%,68.5601%,0,1,Delegate/Fully Connected (NC	 F32) GEMM:81
HardSwish (NC),0.002,0.00241,0.170006%,68.7301%,0,1,Delegate/HardSwish (NC):82
"Convolution (NHWC, F32) DWConv",0.013,0.01344,0.948081%,69.6782%,0,1,Delegate/Convolution (NHWC	 F32) DWConv:83
HardSwish (NC),0,3e-05,0.00211625%,69.6803%,0,1,Delegate/HardSwish (NC):84
Sum (ND) Reduce,0,0,0%,69.6803%,0,1,Delegate/Sum (ND) Reduce:85
Multiply (ND),0,0,0%,69.6803%,0,1,Delegate/Multiply (ND):86
Static Reshape (NC),0,0,0%,69.6803%,0,1,Delegate/Static Reshape (NC):87
"Fully Connected (NC, F32) GEMM",0.001,0.001436,0.101298%,69.7816%,0,1,Delegate/Fully Connected (NC	 F32) GEMM:88
"Fully Connected (NC, F32) GEMM",0.001,0.001048,0.0739278%,69.8555%,0,1,Delegate/Fully Connected (NC	 F32) GEMM:89
Multiply (ND),0,0,0%,69.8555%,0,1,Delegate/Multiply (ND):90
Multiply (ND),0,3.8e-05,0.00268059%,69.8582%,0,1,Delegate/Multiply (ND):91
"Fully Connected (NC, F32) GEMM",0.022,0.022446,1.58338%,71.4416%,0,1,Delegate/Fully Connected (NC	 F32) GEMM:92
"Fully Connected (NC, F32) GEMM",0.044,0.044988,3.17353%,74.6151%,0,1,Delegate/Fully Connected (NC	 F32) GEMM:93
HardSwish (NC),0.001,0.001092,0.0770316%,74.6922%,0,1,Delegate/HardSwish (NC):94
"Convolution (NHWC, F32) DWConv",0.025,0.02594,1.82985%,76.522%,0,1,Delegate/Convolution (NHWC	 F32) DWConv:95
HardSwish (NC),0.001,0.001048,0.0739278%,76.5959%,0,1,Delegate/HardSwish (NC):96
Sum (ND) Reduce,0,2.4e-05,0.001693%,76.5976%,0,1,Delegate/Sum (ND) Reduce:97
Multiply (ND),0,0,0%,76.5976%,0,1,Delegate/Multiply (ND):98
Static Reshape (NC),0,0,0%,76.5976%,0,1,Delegate/Static Reshape (NC):99
"Fully Connected (NC, F32) GEMM",0.005,0.004876,0.343962%,76.9416%,0,1,Delegate/Fully Connected (NC	 F32) GEMM:100
"Fully Connected (NC, F32) GEMM",0.005,0.004846,0.341845%,77.2834%,0,1,Delegate/Fully Connected (NC	 F32) GEMM:101
Multiply (ND),0,0,0%,77.2834%,0,1,Delegate/Multiply (ND):102
Multiply (ND),0.002,0.001934,0.136428%,77.4199%,0,1,Delegate/Multiply (ND):103
"Fully Connected (NC, F32) GEMM",0.044,0.04497,3.17226%,80.5921%,0,1,Delegate/Fully Connected (NC	 F32) GEMM:104
Add (ND),0,4e-06,0.000282167%,80.5924%,0,1,Delegate/Add (ND):105
"Fully Connected (NC, F32) GEMM",0.05,0.044482,3.13784%,83.7302%,0,1,Delegate/Fully Connected (NC	 F32) GEMM:106
HardSwish (NC),0.001,0.001014,0.0715293%,83.8018%,0,1,Delegate/HardSwish (NC):107
"Convolution (NHWC, F32) DWConv",0.025,0.025578,1.80432%,85.6061%,0,1,Delegate/Convolution (NHWC	 F32) DWConv:108
HardSwish (NC),0.001,0.001022,0.0720937%,85.6782%,0,1,Delegate/HardSwish (NC):109
Sum (ND) Reduce,0,9e-05,0.00634876%,85.6845%,0,1,Delegate/Sum (ND) Reduce:110
Multiply (ND),0,0,0%,85.6845%,0,1,Delegate/Multiply (ND):111
Static Reshape (NC),0,0,0%,85.6845%,0,1,Delegate/Static Reshape (NC):112
"Fully Connected (NC, F32) GEMM",0.005,0.004798,0.338459%,86.023%,0,1,Delegate/Fully Connected (NC	 F32) GEMM:113
"Fully Connected (NC, F32) GEMM",0.005,0.004722,0.333098%,86.3561%,0,1,Delegate/Fully Connected (NC	 F32) GEMM:114
Multiply (ND),0,0,0%,86.3561%,0,1,Delegate/Multiply (ND):115
Multiply (ND),0.001,0.001094,0.0771727%,86.4333%,0,1,Delegate/Multiply (ND):116
"Fully Connected (NC, F32) GEMM",0.045,0.04482,3.16168%,89.5949%,0,1,Delegate/Fully Connected (NC	 F32) GEMM:117
Add (ND),0,3e-05,0.00211625%,89.5971%,0,1,Delegate/Add (ND):118
"Fully Connected (NC, F32) GEMM",0.067,0.044844,3.16337%,92.7604%,0,1,Delegate/Fully Connected (NC	 F32) GEMM:119
HardSwish (NC),0.001,0.001048,0.0739278%,92.8344%,0,1,Delegate/HardSwish (NC):120
Sum (ND) Reduce,0,0.00018,0.0126975%,92.8471%,0,1,Delegate/Sum (ND) Reduce:121
Multiply (ND),0,0,0%,92.8471%,0,1,Delegate/Multiply (ND):122
Static Reshape (NC),0,0,0%,92.8471%,0,1,Delegate/Static Reshape (NC):123
"Fully Connected (NC, F32) GEMM",0.039,0.036622,2.58338%,95.4305%,0,1,Delegate/Fully Connected (NC	 F32) GEMM:124
HardSwish (NC),0,0,0%,95.4305%,0,1,Delegate/HardSwish (NC):125
Static Reshape (NC),0,0,0%,95.4305%,0,1,Delegate/Static Reshape (NC):126
"Fully Connected (NC, F32) GEMM",0.088,0.064778,4.56955%,100%,0,1,Delegate/Fully Connected (NC	 F32) GEMM:127

============================== Top by Computation Time ==============================
node type,first,avg_ms,%,cdf%,mem KB,times called,name
"Convolution (NHWC, F32) IGEMM",0.125,0.128464,9.06208%,9.06208%,0,1,Delegate/Convolution (NHWC	 F32) IGEMM:0
"Fully Connected (NC, F32) GEMM",0.107,0.108856,7.67889%,16.741%,0,1,Delegate/Fully Connected (NC	 F32) GEMM:11
"Fully Connected (NC, F32) GEMM",0.088,0.064778,4.56955%,21.3105%,0,1,Delegate/Fully Connected (NC	 F32) GEMM:127
"Fully Connected (NC, F32) GEMM",0.051,0.049194,3.47023%,24.7808%,0,1,Delegate/Fully Connected (NC	 F32) GEMM:54
"Fully Connected (NC, F32) GEMM",0.049,0.049036,3.45909%,28.2398%,0,1,Delegate/Fully Connected (NC	 F32) GEMM:41
"Fully Connected (NC, F32) GEMM",0.046,0.04757,3.35567%,31.5955%,0,1,Delegate/Fully Connected (NC	 F32) GEMM:14
"Fully Connected (NC, F32) GEMM",0.044,0.044988,3.17353%,34.769%,0,1,Delegate/Fully Connected (NC	 F32) GEMM:93
"Fully Connected (NC, F32) GEMM",0.044,0.04497,3.17226%,37.9413%,0,1,Delegate/Fully Connected (NC	 F32) GEMM:104
"Fully Connected (NC, F32) GEMM",0.067,0.044844,3.16337%,41.1047%,0,1,Delegate/Fully Connected (NC	 F32) GEMM:119
"Fully Connected (NC, F32) GEMM",0.045,0.04482,3.16168%,44.2664%,0,1,Delegate/Fully Connected (NC	 F32) GEMM:117

Number of nodes executed: 128
============================== Summary by node type ==============================
node type,count,avg_ms,avg %,cdf %,mem KB,times called
"Fully Connected (NC, F32) GEMM",42,0.932,67.1954%,67.1954%,0,42
"Convolution (NHWC, F32) DWConv",11,0.273,19.6828%,86.8782%,0,11
"Convolution (NHWC, F32) IGEMM",1,0.128,9.22855%,96.1067%,0,1
HardSwish (NC),19,0.034,2.45133%,98.558%,0,19
Multiply (ND),28,0.015,1.08147%,99.6395%,0,28
Sum (ND) Reduce,10,0.004,0.288392%,99.9279%,0,10
Add (ND),6,0.001,0.0720981%,100%,0,6
Static Reshape (NC),11,0,0%,100%,0,11

Timings (microseconds): count=500 first=1455 curr=1545 min=1318 max=2062 avg=1417.6 std=61
Memory (bytes): count=0
128 nodes observed


