Profiling Info for Benchmark Initialization:
============================== Run Order ==============================
node type,first,avg_ms,%,cdf%,mem KB,times called,name
ModifyGraphWithDelegate,80.407,40.2085,90.9448%,90.9448%,0,2,ModifyGraphWithDelegate/0
AllocateTensors,8.007,8.007,9.05523%,100%,24832,1,AllocateTensors/0

============================== Top by Computation Time ==============================
node type,first,avg_ms,%,cdf%,mem KB,times called,name
ModifyGraphWithDelegate,80.407,40.2085,90.9448%,90.9448%,0,2,ModifyGraphWithDelegate/0
AllocateTensors,8.007,8.007,9.05523%,100%,24832,1,AllocateTensors/0

Number of nodes executed: 2
============================== Summary by node type ==============================
node type,count,avg_ms,avg %,cdf %,mem KB,times called
ModifyGraphWithDelegate,1,80.417,90.9448%,90.9448%,0,2
AllocateTensors,1,8.007,9.05523%,100%,24832,1

Timings (microseconds): count=1 curr=88424
Memory (bytes): count=0
2 nodes observed


Operator-wise Profiling Info for Regular Benchmark Runs:
============================== Run Order ==============================
node type,first,avg_ms,%,cdf%,mem KB,times called,name
"Convolution (NHWC, F32) IGEMM",1.797,1.57274,2.75145%,2.75145%,0,1,Delegate/Convolution (NHWC	 F32) IGEMM:0
PADV2,0.113,0.10774,0.188487%,2.93994%,0,1,[ai_edge_torch._convert.to_channel_last_io.ChannelLastIOWrapper/timm.models.resnet.ResNet_wrapped/torch.nn.modules.pooling.MaxPool2d_maxpool;]:2
"Max Pooling (NHWC, F32)",0.037,0.0443,0.0775012%,3.01744%,0,1,Delegate/Max Pooling (NHWC	 F32):0
"Fully Connected (NC, F32) GEMM",0.139,0.15054,0.263364%,3.2808%,0,1,Delegate/Fully Connected (NC	 F32) GEMM:1
"Convolution (NHWC, F32) IGEMM",1.457,1.50987,2.64146%,5.92226%,0,1,Delegate/Convolution (NHWC	 F32) IGEMM:2
"Fully Connected (NC, F32) GEMM",0.561,0.57927,1.01341%,6.93567%,0,1,Delegate/Fully Connected (NC	 F32) GEMM:3
"Fully Connected (NC, F32) GEMM",0.597,0.58564,1.02456%,7.96023%,0,1,Delegate/Fully Connected (NC	 F32) GEMM:4
Add (ND),0.071,0.06684,0.116934%,8.07716%,0,1,Delegate/Add (ND):5
Clamp (NC),0.059,0.0541,0.0946459%,8.17181%,0,1,Delegate/Clamp (NC):6
"Fully Connected (NC, F32) GEMM",0.661,0.66042,1.15538%,9.32719%,0,1,Delegate/Fully Connected (NC	 F32) GEMM:7
"Convolution (NHWC, F32) IGEMM",1.585,1.51649,2.65304%,11.9802%,0,1,Delegate/Convolution (NHWC	 F32) IGEMM:8
"Fully Connected (NC, F32) GEMM",0.666,0.58751,1.02783%,13.0081%,0,1,Delegate/Fully Connected (NC	 F32) GEMM:9
Add (ND),0.051,0.05572,0.09748%,13.1055%,0,1,Delegate/Add (ND):10
Clamp (NC),0.074,0.08286,0.14496%,13.2505%,0,1,Delegate/Clamp (NC):11
"Fully Connected (NC, F32) GEMM",0.734,0.68458,1.19765%,14.4481%,0,1,Delegate/Fully Connected (NC	 F32) GEMM:12
"Convolution (NHWC, F32) IGEMM",1.711,1.52244,2.66345%,17.1116%,0,1,Delegate/Convolution (NHWC	 F32) IGEMM:13
"Fully Connected (NC, F32) GEMM",0.799,0.58282,1.01962%,18.1312%,0,1,Delegate/Fully Connected (NC	 F32) GEMM:14
Add (ND),0.108,0.0552,0.0965703%,18.2278%,0,1,Delegate/Add (ND):15
Clamp (NC),0.14,0.07825,0.136895%,18.3647%,0,1,Delegate/Clamp (NC):16
"Fully Connected (NC, F32) GEMM",1.901,1.33906,2.34263%,20.7073%,0,1,Delegate/Fully Connected (NC	 F32) GEMM:17
"Convolution (NHWC, F32) IGEMM",1.575,1.53863,2.69178%,23.3991%,0,1,Delegate/Convolution (NHWC	 F32) IGEMM:18
"Fully Connected (NC, F32) GEMM",0.603,0.63598,1.11262%,24.5117%,0,1,Delegate/Fully Connected (NC	 F32) GEMM:19
"Convolution (NHWC, F32) IGEMM",1.339,1.33786,2.34054%,26.8523%,0,1,Delegate/Convolution (NHWC	 F32) IGEMM:20
Add (ND),0.028,0.02226,0.038943%,26.8912%,0,1,Delegate/Add (ND):21
Clamp (NC),0.016,0.01614,0.0282363%,26.9194%,0,1,Delegate/Clamp (NC):22
"Fully Connected (NC, F32) GEMM",0.645,0.68586,1.19989%,28.1193%,0,1,Delegate/Fully Connected (NC	 F32) GEMM:23
"Convolution (NHWC, F32) IGEMM",1.482,1.556,2.72216%,30.8415%,0,1,Delegate/Convolution (NHWC	 F32) IGEMM:24
"Fully Connected (NC, F32) GEMM",0.688,0.64918,1.13572%,31.9772%,0,1,Delegate/Fully Connected (NC	 F32) GEMM:25
Add (ND),0.029,0.02228,0.038978%,32.0162%,0,1,Delegate/Add (ND):26
Clamp (NC),0.037,0.04115,0.0719904%,32.0882%,0,1,Delegate/Clamp (NC):27
"Fully Connected (NC, F32) GEMM",0.876,0.68744,1.20265%,33.2908%,0,1,Delegate/Fully Connected (NC	 F32) GEMM:28
"Convolution (NHWC, F32) IGEMM",1.959,1.56381,2.73583%,36.0266%,0,1,Delegate/Convolution (NHWC	 F32) IGEMM:29
"Fully Connected (NC, F32) GEMM",0.748,0.6453,1.12893%,37.1556%,0,1,Delegate/Fully Connected (NC	 F32) GEMM:30
Add (ND),0.069,0.02477,0.0433342%,37.1989%,0,1,Delegate/Add (ND):31
Clamp (NC),0.048,0.04135,0.0723403%,37.2712%,0,1,Delegate/Clamp (NC):32
"Fully Connected (NC, F32) GEMM",0.807,0.69216,1.21091%,38.4822%,0,1,Delegate/Fully Connected (NC	 F32) GEMM:33
"Convolution (NHWC, F32) IGEMM",1.793,1.56283,2.73411%,41.2163%,0,1,Delegate/Convolution (NHWC	 F32) IGEMM:34
"Fully Connected (NC, F32) GEMM",0.713,0.64828,1.13414%,42.3504%,0,1,Delegate/Fully Connected (NC	 F32) GEMM:35
Add (ND),0.022,0.02362,0.0413223%,42.3917%,0,1,Delegate/Add (ND):36
Clamp (NC),0.035,0.04178,0.0730925%,42.4648%,0,1,Delegate/Clamp (NC):37
"Fully Connected (NC, F32) GEMM",1.282,1.3876,2.42755%,44.8924%,0,1,Delegate/Fully Connected (NC	 F32) GEMM:38
"Convolution (NHWC, F32) IGEMM",1.635,1.63744,2.86464%,47.757%,0,1,Delegate/Convolution (NHWC	 F32) IGEMM:39
"Fully Connected (NC, F32) GEMM",0.643,0.70604,1.23519%,48.9922%,0,1,Delegate/Fully Connected (NC	 F32) GEMM:40
"Convolution (NHWC, F32) IGEMM",1.33,1.41613,2.47747%,51.4697%,0,1,Delegate/Convolution (NHWC	 F32) IGEMM:41
Add (ND),0.009,0.01139,0.0199264%,51.4896%,0,1,Delegate/Add (ND):42
Clamp (NC),0.006,0.00618,0.0108117%,51.5004%,0,1,Delegate/Clamp (NC):43
"Fully Connected (NC, F32) GEMM",0.668,0.71591,1.25246%,52.7529%,0,1,Delegate/Fully Connected (NC	 F32) GEMM:44
"Convolution (NHWC, F32) IGEMM",1.497,1.60635,2.81025%,55.5631%,0,1,Delegate/Convolution (NHWC	 F32) IGEMM:45
"Fully Connected (NC, F32) GEMM",0.651,0.70185,1.22786%,56.791%,0,1,Delegate/Fully Connected (NC	 F32) GEMM:46
Add (ND),0.009,0.0119,0.0208186%,56.8118%,0,1,Delegate/Add (ND):47
Clamp (NC),0.016,0.01724,0.0301607%,56.842%,0,1,Delegate/Clamp (NC):48
"Fully Connected (NC, F32) GEMM",0.668,0.71983,1.25932%,58.1013%,0,1,Delegate/Fully Connected (NC	 F32) GEMM:49
"Convolution (NHWC, F32) IGEMM",1.7,1.61308,2.82202%,60.9233%,0,1,Delegate/Convolution (NHWC	 F32) IGEMM:50
"Fully Connected (NC, F32) GEMM",0.823,0.7072,1.23722%,62.1605%,0,1,Delegate/Fully Connected (NC	 F32) GEMM:51
Add (ND),0.013,0.0131,0.022918%,62.1834%,0,1,Delegate/Add (ND):52
Clamp (NC),0.02,0.01606,0.0280964%,62.2115%,0,1,Delegate/Clamp (NC):53
"Fully Connected (NC, F32) GEMM",0.882,0.71459,1.25015%,63.4617%,0,1,Delegate/Fully Connected (NC	 F32) GEMM:54
"Convolution (NHWC, F32) IGEMM",1.863,1.60648,2.81048%,66.2721%,0,1,Delegate/Convolution (NHWC	 F32) IGEMM:55
"Fully Connected (NC, F32) GEMM",0.654,0.71133,1.24445%,67.5166%,0,1,Delegate/Fully Connected (NC	 F32) GEMM:56
Add (ND),0.011,0.01368,0.0239326%,67.5405%,0,1,Delegate/Add (ND):57
Clamp (NC),0.015,0.01715,0.0300033%,67.5705%,0,1,Delegate/Clamp (NC):58
"Fully Connected (NC, F32) GEMM",0.67,0.71783,1.25582%,68.8263%,0,1,Delegate/Fully Connected (NC	 F32) GEMM:59
"Convolution (NHWC, F32) IGEMM",1.565,1.62777,2.84772%,71.6741%,0,1,Delegate/Convolution (NHWC	 F32) IGEMM:60
"Fully Connected (NC, F32) GEMM",0.637,0.69855,1.22209%,72.8962%,0,1,Delegate/Fully Connected (NC	 F32) GEMM:61
Add (ND),0.01,0.01265,0.0221307%,72.9183%,0,1,Delegate/Add (ND):62
Clamp (NC),0.014,0.01648,0.0288311%,72.9471%,0,1,Delegate/Clamp (NC):63
"Fully Connected (NC, F32) GEMM",0.657,0.71586,1.25237%,74.1995%,0,1,Delegate/Fully Connected (NC	 F32) GEMM:64
"Convolution (NHWC, F32) IGEMM",1.509,1.60561,2.80895%,77.0084%,0,1,Delegate/Convolution (NHWC	 F32) IGEMM:65
"Fully Connected (NC, F32) GEMM",0.651,0.69674,1.21892%,78.2274%,0,1,Delegate/Fully Connected (NC	 F32) GEMM:66
Add (ND),0.01,0.01353,0.0236702%,78.251%,0,1,Delegate/Add (ND):67
Clamp (NC),0.015,0.01639,0.0286737%,78.2797%,0,1,Delegate/Clamp (NC):68
"Fully Connected (NC, F32) GEMM",1.345,1.433,2.50698%,80.7867%,0,1,Delegate/Fully Connected (NC	 F32) GEMM:69
"Convolution (NHWC, F32) IGEMM",1.767,1.74158,3.04683%,83.8335%,0,1,Delegate/Convolution (NHWC	 F32) IGEMM:70
"Fully Connected (NC, F32) GEMM",0.889,0.79345,1.38811%,85.2216%,0,1,Delegate/Fully Connected (NC	 F32) GEMM:71
"Convolution (NHWC, F32) IGEMM",1.517,1.53581,2.68684%,87.9085%,0,1,Delegate/Convolution (NHWC	 F32) IGEMM:72
Add (ND),0.005,0.00671,0.0117389%,87.9202%,0,1,Delegate/Add (ND):73
Clamp (NC),0.003,0.00311,0.00544083%,87.9256%,0,1,Delegate/Clamp (NC):74
"Fully Connected (NC, F32) GEMM",0.746,0.7878,1.37823%,89.3039%,0,1,Delegate/Fully Connected (NC	 F32) GEMM:75
"Convolution (NHWC, F32) IGEMM",1.656,1.70066,2.97524%,92.2791%,0,1,Delegate/Convolution (NHWC	 F32) IGEMM:76
"Fully Connected (NC, F32) GEMM",0.757,0.78087,1.3661%,93.6452%,0,1,Delegate/Fully Connected (NC	 F32) GEMM:77
Add (ND),0.006,0.00676,0.0118264%,93.657%,0,1,Delegate/Add (ND):78
Clamp (NC),0.007,0.00777,0.0135933%,93.6706%,0,1,Delegate/Clamp (NC):79
"Fully Connected (NC, F32) GEMM",0.747,0.77399,1.35407%,95.0247%,0,1,Delegate/Fully Connected (NC	 F32) GEMM:80
"Convolution (NHWC, F32) IGEMM",1.808,1.70719,2.98666%,98.0114%,0,1,Delegate/Convolution (NHWC	 F32) IGEMM:81
"Fully Connected (NC, F32) GEMM",0.786,0.78284,1.36955%,99.3809%,0,1,Delegate/Fully Connected (NC	 F32) GEMM:82
Add (ND),0.005,0.00702,0.0122812%,99.3932%,0,1,Delegate/Add (ND):83
Clamp (NC),0.002,0.00212,0.00370886%,99.3969%,0,1,Delegate/Clamp (NC):84
Sum (ND) Reduce,0.002,0.00218,0.00381383%,99.4007%,0,1,Delegate/Sum (ND) Reduce:85
"Fully Connected (NC, F32) GEMM",0.324,0.34255,0.599278%,100%,0,1,Delegate/Fully Connected (NC	 F32) GEMM:86

============================== Top by Computation Time ==============================
node type,first,avg_ms,%,cdf%,mem KB,times called,name
"Convolution (NHWC, F32) IGEMM",1.767,1.74158,3.04683%,3.04683%,0,1,Delegate/Convolution (NHWC	 F32) IGEMM:70
"Convolution (NHWC, F32) IGEMM",1.808,1.70719,2.98666%,6.03349%,0,1,Delegate/Convolution (NHWC	 F32) IGEMM:81
"Convolution (NHWC, F32) IGEMM",1.656,1.70066,2.97524%,9.00873%,0,1,Delegate/Convolution (NHWC	 F32) IGEMM:76
"Convolution (NHWC, F32) IGEMM",1.635,1.63744,2.86464%,11.8734%,0,1,Delegate/Convolution (NHWC	 F32) IGEMM:39
"Convolution (NHWC, F32) IGEMM",1.565,1.62777,2.84772%,14.7211%,0,1,Delegate/Convolution (NHWC	 F32) IGEMM:60
"Convolution (NHWC, F32) IGEMM",1.7,1.61308,2.82202%,17.5431%,0,1,Delegate/Convolution (NHWC	 F32) IGEMM:50
"Convolution (NHWC, F32) IGEMM",1.863,1.60648,2.81048%,20.3536%,0,1,Delegate/Convolution (NHWC	 F32) IGEMM:55
"Convolution (NHWC, F32) IGEMM",1.497,1.60635,2.81025%,23.1638%,0,1,Delegate/Convolution (NHWC	 F32) IGEMM:45
"Convolution (NHWC, F32) IGEMM",1.509,1.60561,2.80895%,25.9728%,0,1,Delegate/Convolution (NHWC	 F32) IGEMM:65
"Convolution (NHWC, F32) IGEMM",1.797,1.57274,2.75145%,28.7242%,0,1,Delegate/Convolution (NHWC	 F32) IGEMM:0

Number of nodes executed: 89
============================== Summary by node type ==============================
node type,count,avg_ms,avg %,cdf %,mem KB,times called
"Convolution (NHWC, F32) IGEMM",20,31.468,55.0949%,55.0949%,0,20
"Fully Connected (NC, F32) GEMM",34,24.683,43.2156%,98.3105%,0,34
Clamp (NC),16,0.453,0.793123%,99.1036%,0,16
Add (ND),16,0.359,0.628545%,99.7321%,0,16
PADV2,1,0.107,0.187338%,99.9195%,0,1
"Max Pooling (NHWC, F32)",1,0.044,0.0770362%,99.9965%,0,1
Sum (ND) Reduce,1,0.002,0.00350165%,100%,0,1

Timings (microseconds): count=100 first=59278 curr=56262 min=55959 max=62818 avg=57160.4 std=1432
Memory (bytes): count=0
89 nodes observed


