Profiling Info for Benchmark Initialization:
============================== Run Order ==============================
node type,first,avg_ms,%,cdf%,mem KB,times called,name
ModifyGraphWithDelegate,3.802,3.802,52.5501%,52.5501%,15616,1,ModifyGraphWithDelegate/0
AllocateTensors,3.433,3.433,47.4499%,100%,7168,1,AllocateTensors/0

============================== Top by Computation Time ==============================
node type,first,avg_ms,%,cdf%,mem KB,times called,name
ModifyGraphWithDelegate,3.802,3.802,52.5501%,52.5501%,15616,1,ModifyGraphWithDelegate/0
AllocateTensors,3.433,3.433,47.4499%,100%,7168,1,AllocateTensors/0

Number of nodes executed: 2
============================== Summary by node type ==============================
node type,count,avg_ms,avg %,cdf %,mem KB,times called
ModifyGraphWithDelegate,1,3.802,52.5501%,52.5501%,15616,1
AllocateTensors,1,3.433,47.4499%,100%,7168,1

Timings (microseconds): count=1 curr=7235
Memory (bytes): count=0
2 nodes observed


Operator-wise Profiling Info for Regular Benchmark Runs:
============================== Run Order ==============================
node type,first,avg_ms,%,cdf%,mem KB,times called,name
"Convolution (NHWC, F32) IGEMM",0.094,0.09539,7.93984%,7.93984%,0,1,Delegate/Convolution (NHWC	 F32) IGEMM:0
"Convolution (NHWC, F32) DWConv",0.016,0.0178,1.48159%,9.42143%,0,1,Delegate/Convolution (NHWC	 F32) DWConv:1
"Fully Connected (NC, F32) GEMM",0.029,0.0278,2.31395%,11.7354%,0,1,Delegate/Fully Connected (NC	 F32) GEMM:2
"Convolution (NHWC, F32) DWConv",0.015,0.01404,1.16863%,12.904%,0,1,Delegate/Convolution (NHWC	 F32) DWConv:3
"Fully Connected (NC, F32) GEMM",0.046,0.02733,2.27483%,15.1788%,0,1,Delegate/Fully Connected (NC	 F32) GEMM:4
"Convolution (NHWC, F32) DWConv",0.008,0.00704,0.585978%,15.7648%,0,1,Delegate/Convolution (NHWC	 F32) DWConv:5
"Fully Connected (NC, F32) GEMM",0.017,0.01805,1.5024%,17.2672%,0,1,Delegate/Fully Connected (NC	 F32) GEMM:6
"Convolution (NHWC, F32) DWConv",0.011,0.01102,0.917256%,18.1845%,0,1,Delegate/Convolution (NHWC	 F32) DWConv:7
"Fully Connected (NC, F32) GEMM",0.044,0.04566,3.80053%,21.985%,0,1,Delegate/Fully Connected (NC	 F32) GEMM:8
"Convolution (NHWC, F32) DWConv",0.01,0.01101,0.916423%,22.9014%,0,1,Delegate/Convolution (NHWC	 F32) DWConv:9
"Fully Connected (NC, F32) GEMM",0.049,0.04602,3.8305%,26.7319%,0,1,Delegate/Fully Connected (NC	 F32) GEMM:10
"Convolution (NHWC, F32) DWConv",0.01,0.01056,0.878967%,27.6109%,0,1,Delegate/Convolution (NHWC	 F32) DWConv:11
"Fully Connected (NC, F32) GEMM",0.046,0.04542,3.78056%,31.3914%,0,1,Delegate/Fully Connected (NC	 F32) GEMM:12
"Convolution (NHWC, F32) DWConv",0.011,0.01013,0.843176%,32.2346%,0,1,Delegate/Convolution (NHWC	 F32) DWConv:13
"Fully Connected (NC, F32) GEMM",0.047,0.04561,3.79637%,36.031%,0,1,Delegate/Fully Connected (NC	 F32) GEMM:14
"Convolution (NHWC, F32) DWConv",0.013,0.0111,0.923914%,36.9549%,0,1,Delegate/Convolution (NHWC	 F32) DWConv:15
"Fully Connected (NC, F32) GEMM",0.044,0.04679,3.89459%,40.8495%,0,1,Delegate/Fully Connected (NC	 F32) GEMM:16
"Convolution (NHWC, F32) DWConv",0.012,0.01029,0.856494%,41.706%,0,1,Delegate/Convolution (NHWC	 F32) DWConv:17
"Fully Connected (NC, F32) GEMM",0.047,0.04539,3.77806%,45.4841%,0,1,Delegate/Fully Connected (NC	 F32) GEMM:18
"Convolution (NHWC, F32) DWConv",0.014,0.01013,0.843176%,46.3272%,0,1,Delegate/Convolution (NHWC	 F32) DWConv:19
"Fully Connected (NC, F32) GEMM",0.052,0.04533,3.77307%,50.1003%,0,1,Delegate/Fully Connected (NC	 F32) GEMM:20
"Convolution (NHWC, F32) DWConv",0.009,0.00476,0.396201%,50.4965%,0,1,Delegate/Convolution (NHWC	 F32) DWConv:21
"Fully Connected (NC, F32) GEMM",0.028,0.02477,2.06174%,52.5582%,0,1,Delegate/Fully Connected (NC	 F32) GEMM:22
"Convolution (NHWC, F32) DWConv",0.009,0.00758,0.630925%,53.1892%,0,1,Delegate/Convolution (NHWC	 F32) DWConv:23
"Fully Connected (NC, F32) GEMM",0.049,0.04749,3.95286%,57.142%,0,1,Delegate/Fully Connected (NC	 F32) GEMM:24
"Convolution (NHWC, F32) DWConv",0.007,0.0071,0.590972%,57.733%,0,1,Delegate/Convolution (NHWC	 F32) DWConv:25
"Fully Connected (NC, F32) GEMM",0.048,0.04785,3.98282%,61.7158%,0,1,Delegate/Fully Connected (NC	 F32) GEMM:26
"Convolution (NHWC, F32) DWConv",0.007,0.00778,0.647572%,62.3634%,0,1,Delegate/Convolution (NHWC	 F32) DWConv:27
"Fully Connected (NC, F32) GEMM",0.045,0.04722,3.93038%,66.2938%,0,1,Delegate/Fully Connected (NC	 F32) GEMM:28
"Convolution (NHWC, F32) DWConv",0.011,0.00725,0.603458%,66.8972%,0,1,Delegate/Convolution (NHWC	 F32) DWConv:29
"Fully Connected (NC, F32) GEMM",0.044,0.04785,3.98282%,70.8801%,0,1,Delegate/Fully Connected (NC	 F32) GEMM:30
"Convolution (NHWC, F32) DWConv",0.01,0.00721,0.600128%,71.4802%,0,1,Delegate/Convolution (NHWC	 F32) DWConv:31
"Fully Connected (NC, F32) GEMM",0.043,0.04749,3.95286%,75.433%,0,1,Delegate/Fully Connected (NC	 F32) GEMM:32
"Convolution (NHWC, F32) DWConv",0.007,0.00707,0.588475%,76.0215%,0,1,Delegate/Convolution (NHWC	 F32) DWConv:33
"Fully Connected (NC, F32) GEMM",0.046,0.04723,3.93121%,79.9527%,0,1,Delegate/Fully Connected (NC	 F32) GEMM:34
"Convolution (NHWC, F32) DWConv",0.007,0.00795,0.661722%,80.6144%,0,1,Delegate/Convolution (NHWC	 F32) DWConv:35
"Fully Connected (NC, F32) GEMM",0.047,0.04955,4.12432%,84.7388%,0,1,Delegate/Fully Connected (NC	 F32) GEMM:36
"Convolution (NHWC, F32) DWConv",0.007,0.00743,0.61844%,85.3572%,0,1,Delegate/Convolution (NHWC	 F32) DWConv:37
"Fully Connected (NC, F32) GEMM",0.043,0.0472,3.92872%,89.2859%,0,1,Delegate/Fully Connected (NC	 F32) GEMM:38
"Convolution (NHWC, F32) DWConv",0.007,0.00757,0.630093%,89.916%,0,1,Delegate/Convolution (NHWC	 F32) DWConv:39
"Fully Connected (NC, F32) GEMM",0.043,0.04874,4.0569%,93.9729%,0,1,Delegate/Fully Connected (NC	 F32) GEMM:40
"Convolution (NHWC, F32) DWConv",0.011,0.00406,0.337936%,94.3109%,0,1,Delegate/Convolution (NHWC	 F32) DWConv:41
"Fully Connected (NC, F32) GEMM",0.046,0.04962,4.13015%,98.441%,0,1,Delegate/Fully Connected (NC	 F32) GEMM:42
Sum (ND) Reduce,0.006,0.0036,0.299648%,98.7406%,0,1,Delegate/Sum (ND) Reduce:43
"Fully Connected (NC, F32) GEMM",0.02,0.01513,1.25935%,100%,0,1,Delegate/Fully Connected (NC	 F32) GEMM:44

============================== Top by Computation Time ==============================
node type,first,avg_ms,%,cdf%,mem KB,times called,name
"Convolution (NHWC, F32) IGEMM",0.094,0.09539,7.93984%,7.93984%,0,1,Delegate/Convolution (NHWC	 F32) IGEMM:0
"Fully Connected (NC, F32) GEMM",0.046,0.04962,4.13015%,12.07%,0,1,Delegate/Fully Connected (NC	 F32) GEMM:42
"Fully Connected (NC, F32) GEMM",0.047,0.04955,4.12432%,16.1943%,0,1,Delegate/Fully Connected (NC	 F32) GEMM:36
"Fully Connected (NC, F32) GEMM",0.043,0.04874,4.0569%,20.2512%,0,1,Delegate/Fully Connected (NC	 F32) GEMM:40
"Fully Connected (NC, F32) GEMM",0.044,0.04785,3.98282%,24.234%,0,1,Delegate/Fully Connected (NC	 F32) GEMM:30
"Fully Connected (NC, F32) GEMM",0.048,0.04785,3.98282%,28.2168%,0,1,Delegate/Fully Connected (NC	 F32) GEMM:26
"Fully Connected (NC, F32) GEMM",0.043,0.04749,3.95286%,32.1697%,0,1,Delegate/Fully Connected (NC	 F32) GEMM:32
"Fully Connected (NC, F32) GEMM",0.049,0.04749,3.95286%,36.1226%,0,1,Delegate/Fully Connected (NC	 F32) GEMM:24
"Fully Connected (NC, F32) GEMM",0.046,0.04723,3.93121%,40.0538%,0,1,Delegate/Fully Connected (NC	 F32) GEMM:34
"Fully Connected (NC, F32) GEMM",0.045,0.04722,3.93038%,43.9842%,0,1,Delegate/Fully Connected (NC	 F32) GEMM:28

Number of nodes executed: 45
============================== Summary by node type ==============================
node type,count,avg_ms,avg %,cdf %,mem KB,times called
"Fully Connected (NC, F32) GEMM",22,0.903,76.3314%,76.3314%,0,22
"Convolution (NHWC, F32) DWConv",21,0.182,15.3846%,91.716%,0,21
"Convolution (NHWC, F32) IGEMM",1,0.095,8.03043%,99.7464%,0,1
Sum (ND) Reduce,1,0.003,0.253593%,100%,0,1

Timings (microseconds): count=100 first=1235 curr=1112 min=1086 max=1766 avg=1201.41 std=109
Memory (bytes): count=0
45 nodes observed


