Profiling Info for Benchmark Initialization:
============================== Run Order ==============================
node type,first,avg_ms,%,cdf%,mem KB,times called,name
ModifyGraphWithDelegate,3.709,3.709,57.1407%,57.1407%,15872,1,ModifyGraphWithDelegate/0
AllocateTensors,2.782,2.782,42.8593%,100%,7168,1,AllocateTensors/0

============================== Top by Computation Time ==============================
node type,first,avg_ms,%,cdf%,mem KB,times called,name
ModifyGraphWithDelegate,3.709,3.709,57.1407%,57.1407%,15872,1,ModifyGraphWithDelegate/0
AllocateTensors,2.782,2.782,42.8593%,100%,7168,1,AllocateTensors/0

Number of nodes executed: 2
============================== Summary by node type ==============================
node type,count,avg_ms,avg %,cdf %,mem KB,times called
ModifyGraphWithDelegate,1,3.709,57.1407%,57.1407%,15872,1
AllocateTensors,1,2.782,42.8593%,100%,7168,1

Timings (microseconds): count=1 curr=6491
Memory (bytes): count=0
2 nodes observed


Operator-wise Profiling Info for Regular Benchmark Runs:
============================== Run Order ==============================
node type,first,avg_ms,%,cdf%,mem KB,times called,name
"Convolution (NHWC, F32) IGEMM",0.344,0.34058,3.33301%,3.33301%,0,1,Delegate/Convolution (NHWC	 F32) IGEMM:0
"Convolution (NHWC, F32) DWConv",0.052,0.0568,0.55586%,3.88887%,0,1,Delegate/Convolution (NHWC	 F32) DWConv:1
"Fully Connected (NC, F32) GEMM",0.192,0.19709,1.92878%,5.81764%,0,1,Delegate/Fully Connected (NC	 F32) GEMM:2
"Convolution (NHWC, F32) DWConv",0.046,0.04732,0.463086%,6.28073%,0,1,Delegate/Convolution (NHWC	 F32) DWConv:3
"Fully Connected (NC, F32) GEMM",0.191,0.19684,1.92633%,8.20706%,0,1,Delegate/Fully Connected (NC	 F32) GEMM:4
"Convolution (NHWC, F32) DWConv",0.012,0.01212,0.11861%,8.32567%,0,1,Delegate/Convolution (NHWC	 F32) DWConv:5
"Fully Connected (NC, F32) GEMM",0.127,0.12909,1.26331%,9.58898%,0,1,Delegate/Fully Connected (NC	 F32) GEMM:6
"Convolution (NHWC, F32) DWConv",0.029,0.02968,0.290456%,9.87943%,0,1,Delegate/Convolution (NHWC	 F32) DWConv:7
"Fully Connected (NC, F32) GEMM",0.458,0.45983,4.50002%,14.3795%,0,1,Delegate/Fully Connected (NC	 F32) GEMM:8
"Convolution (NHWC, F32) DWConv",0.029,0.02974,0.291044%,14.6705%,0,1,Delegate/Convolution (NHWC	 F32) DWConv:9
"Fully Connected (NC, F32) GEMM",0.453,0.46203,4.52155%,19.192%,0,1,Delegate/Fully Connected (NC	 F32) GEMM:10
"Convolution (NHWC, F32) DWConv",0.029,0.02897,0.283508%,19.4756%,0,1,Delegate/Convolution (NHWC	 F32) DWConv:11
"Fully Connected (NC, F32) GEMM",0.465,0.45277,4.43093%,23.9065%,0,1,Delegate/Fully Connected (NC	 F32) GEMM:12
"Convolution (NHWC, F32) DWConv",0.029,0.02917,0.285465%,24.1919%,0,1,Delegate/Convolution (NHWC	 F32) DWConv:13
"Fully Connected (NC, F32) GEMM",0.457,0.45852,4.4872%,28.6791%,0,1,Delegate/Fully Connected (NC	 F32) GEMM:14
"Convolution (NHWC, F32) DWConv",0.029,0.02879,0.281747%,28.9609%,0,1,Delegate/Convolution (NHWC	 F32) DWConv:15
"Fully Connected (NC, F32) GEMM",0.464,0.45277,4.43093%,33.3918%,0,1,Delegate/Fully Connected (NC	 F32) GEMM:16
"Convolution (NHWC, F32) DWConv",0.034,0.02888,0.282627%,33.6744%,0,1,Delegate/Convolution (NHWC	 F32) DWConv:17
"Fully Connected (NC, F32) GEMM",0.458,0.45834,4.48544%,38.1599%,0,1,Delegate/Fully Connected (NC	 F32) GEMM:18
"Convolution (NHWC, F32) DWConv",0.029,0.02912,0.284976%,38.4449%,0,1,Delegate/Convolution (NHWC	 F32) DWConv:19
"Fully Connected (NC, F32) GEMM",0.462,0.45938,4.49562%,42.9405%,0,1,Delegate/Fully Connected (NC	 F32) GEMM:20
"Convolution (NHWC, F32) DWConv",0.007,0.00734,0.0718312%,43.0123%,0,1,Delegate/Convolution (NHWC	 F32) DWConv:21
"Fully Connected (NC, F32) GEMM",0.227,0.22785,2.2298%,45.2421%,0,1,Delegate/Fully Connected (NC	 F32) GEMM:22
"Convolution (NHWC, F32) DWConv",0.014,0.0146,0.14288%,45.385%,0,1,Delegate/Convolution (NHWC	 F32) DWConv:23
"Fully Connected (NC, F32) GEMM",0.534,0.53452,5.23096%,50.6159%,0,1,Delegate/Fully Connected (NC	 F32) GEMM:24
"Convolution (NHWC, F32) DWConv",0.014,0.01456,0.142488%,50.7584%,0,1,Delegate/Convolution (NHWC	 F32) DWConv:25
"Fully Connected (NC, F32) GEMM",0.533,0.53684,5.25366%,56.0121%,0,1,Delegate/Fully Connected (NC	 F32) GEMM:26
"Convolution (NHWC, F32) DWConv",0.014,0.01437,0.140629%,56.1527%,0,1,Delegate/Convolution (NHWC	 F32) DWConv:27
"Fully Connected (NC, F32) GEMM",0.596,0.53531,5.23869%,61.3914%,0,1,Delegate/Fully Connected (NC	 F32) GEMM:28
"Convolution (NHWC, F32) DWConv",0.017,0.0142,0.138965%,61.5304%,0,1,Delegate/Convolution (NHWC	 F32) DWConv:29
"Fully Connected (NC, F32) GEMM",0.581,0.54208,5.30494%,66.8353%,0,1,Delegate/Fully Connected (NC	 F32) GEMM:30
"Convolution (NHWC, F32) DWConv",0.014,0.01435,0.140433%,66.9757%,0,1,Delegate/Convolution (NHWC	 F32) DWConv:31
"Fully Connected (NC, F32) GEMM",0.559,0.53906,5.27539%,72.2511%,0,1,Delegate/Fully Connected (NC	 F32) GEMM:32
"Convolution (NHWC, F32) DWConv",0.015,0.01445,0.141412%,72.3925%,0,1,Delegate/Convolution (NHWC	 F32) DWConv:33
"Fully Connected (NC, F32) GEMM",0.562,0.53803,5.26531%,77.6579%,0,1,Delegate/Fully Connected (NC	 F32) GEMM:34
"Convolution (NHWC, F32) DWConv",0.015,0.0143,0.139944%,77.7978%,0,1,Delegate/Convolution (NHWC	 F32) DWConv:35
"Fully Connected (NC, F32) GEMM",0.575,0.54048,5.28928%,83.0871%,0,1,Delegate/Fully Connected (NC	 F32) GEMM:36
"Convolution (NHWC, F32) DWConv",0.016,0.01437,0.140629%,83.2277%,0,1,Delegate/Convolution (NHWC	 F32) DWConv:37
"Fully Connected (NC, F32) GEMM",0.641,0.53807,5.2657%,88.4934%,0,1,Delegate/Fully Connected (NC	 F32) GEMM:38
"Convolution (NHWC, F32) DWConv",0.017,0.01411,0.138084%,88.6315%,0,1,Delegate/Convolution (NHWC	 F32) DWConv:39
"Fully Connected (NC, F32) GEMM",0.588,0.53532,5.23878%,93.8703%,0,1,Delegate/Fully Connected (NC	 F32) GEMM:40
"Convolution (NHWC, F32) DWConv",0.004,0.0042,0.0411023%,93.9114%,0,1,Delegate/Convolution (NHWC	 F32) DWConv:41
"Fully Connected (NC, F32) GEMM",0.637,0.54382,5.32197%,99.2333%,0,1,Delegate/Fully Connected (NC	 F32) GEMM:42
Sum (ND) Reduce,0.002,0.00105,0.0102756%,99.2436%,0,1,Delegate/Sum (ND) Reduce:43
"Fully Connected (NC, F32) GEMM",0.127,0.07729,0.756381%,100%,0,1,Delegate/Fully Connected (NC	 F32) GEMM:44

============================== Top by Computation Time ==============================
node type,first,avg_ms,%,cdf%,mem KB,times called,name
"Fully Connected (NC, F32) GEMM",0.637,0.54382,5.32197%,5.32197%,0,1,Delegate/Fully Connected (NC	 F32) GEMM:42
"Fully Connected (NC, F32) GEMM",0.581,0.54208,5.30494%,10.6269%,0,1,Delegate/Fully Connected (NC	 F32) GEMM:30
"Fully Connected (NC, F32) GEMM",0.575,0.54048,5.28928%,15.9162%,0,1,Delegate/Fully Connected (NC	 F32) GEMM:36
"Fully Connected (NC, F32) GEMM",0.559,0.53906,5.27539%,21.1916%,0,1,Delegate/Fully Connected (NC	 F32) GEMM:32
"Fully Connected (NC, F32) GEMM",0.641,0.53807,5.2657%,26.4573%,0,1,Delegate/Fully Connected (NC	 F32) GEMM:38
"Fully Connected (NC, F32) GEMM",0.562,0.53803,5.26531%,31.7226%,0,1,Delegate/Fully Connected (NC	 F32) GEMM:34
"Fully Connected (NC, F32) GEMM",0.533,0.53684,5.25366%,36.9762%,0,1,Delegate/Fully Connected (NC	 F32) GEMM:26
"Fully Connected (NC, F32) GEMM",0.588,0.53532,5.23878%,42.215%,0,1,Delegate/Fully Connected (NC	 F32) GEMM:40
"Fully Connected (NC, F32) GEMM",0.596,0.53531,5.23869%,47.4537%,0,1,Delegate/Fully Connected (NC	 F32) GEMM:28
"Fully Connected (NC, F32) GEMM",0.534,0.53452,5.23096%,52.6847%,0,1,Delegate/Fully Connected (NC	 F32) GEMM:24

Number of nodes executed: 45
============================== Summary by node type ==============================
node type,count,avg_ms,avg %,cdf %,mem KB,times called
"Fully Connected (NC, F32) GEMM",22,9.406,92.2247%,92.2247%,0,22
"Convolution (NHWC, F32) DWConv",21,0.452,4.43181%,96.6565%,0,21
"Convolution (NHWC, F32) IGEMM",1,0.34,3.33366%,99.9902%,0,1
Sum (ND) Reduce,1,0.001,0.00980488%,100%,0,1

Timings (microseconds): count=100 first=10698 curr=9970 min=9918 max=11113 avg=10218.4 std=208
Memory (bytes): count=0
45 nodes observed


