Profiling Info for Benchmark Initialization:
============================== Run Order ==============================
node type,first,avg_ms,%,cdf%,mem KB,times called,name
ModifyGraphWithDelegate,3.771,3.771,62.0434%,62.0434%,15616,1,ModifyGraphWithDelegate/0
AllocateTensors,2.307,2.307,37.9566%,100%,7424,1,AllocateTensors/0

============================== Top by Computation Time ==============================
node type,first,avg_ms,%,cdf%,mem KB,times called,name
ModifyGraphWithDelegate,3.771,3.771,62.0434%,62.0434%,15616,1,ModifyGraphWithDelegate/0
AllocateTensors,2.307,2.307,37.9566%,100%,7424,1,AllocateTensors/0

Number of nodes executed: 2
============================== Summary by node type ==============================
node type,count,avg_ms,avg %,cdf %,mem KB,times called
ModifyGraphWithDelegate,1,3.771,62.0434%,62.0434%,15616,1
AllocateTensors,1,2.307,37.9566%,100%,7424,1

Timings (microseconds): count=1 curr=6078
Memory (bytes): count=0
2 nodes observed


Operator-wise Profiling Info for Regular Benchmark Runs:
============================== Run Order ==============================
node type,first,avg_ms,%,cdf%,mem KB,times called,name
"Convolution (NHWC, F32) IGEMM",0.325,0.35206,5.12082%,5.12082%,0,1,Delegate/Convolution (NHWC	 F32) IGEMM:0
"Convolution (NHWC, F32) DWConv",0.059,0.05946,0.864864%,5.98568%,0,1,Delegate/Convolution (NHWC	 F32) DWConv:1
"Fully Connected (NC, F32) GEMM",0.144,0.14922,2.17045%,8.15614%,0,1,Delegate/Fully Connected (NC	 F32) GEMM:2
"Convolution (NHWC, F32) DWConv",0.048,0.04773,0.694247%,8.85038%,0,1,Delegate/Convolution (NHWC	 F32) DWConv:3
"Fully Connected (NC, F32) GEMM",0.15,0.15023,2.18514%,11.0355%,0,1,Delegate/Fully Connected (NC	 F32) GEMM:4
"Convolution (NHWC, F32) DWConv",0.011,0.01241,0.180507%,11.216%,0,1,Delegate/Convolution (NHWC	 F32) DWConv:5
"Fully Connected (NC, F32) GEMM",0.094,0.09929,1.4442%,12.6602%,0,1,Delegate/Fully Connected (NC	 F32) GEMM:6
"Convolution (NHWC, F32) DWConv",0.028,0.03063,0.445523%,13.1058%,0,1,Delegate/Convolution (NHWC	 F32) DWConv:7
"Fully Connected (NC, F32) GEMM",0.294,0.30716,4.46774%,17.5735%,0,1,Delegate/Fully Connected (NC	 F32) GEMM:8
"Convolution (NHWC, F32) DWConv",0.028,0.03063,0.445523%,18.019%,0,1,Delegate/Convolution (NHWC	 F32) DWConv:9
"Fully Connected (NC, F32) GEMM",0.335,0.3105,4.51632%,22.5353%,0,1,Delegate/Fully Connected (NC	 F32) GEMM:10
"Convolution (NHWC, F32) DWConv",0.028,0.03007,0.437377%,22.9727%,0,1,Delegate/Convolution (NHWC	 F32) DWConv:11
"Fully Connected (NC, F32) GEMM",0.294,0.30382,4.41916%,27.3919%,0,1,Delegate/Fully Connected (NC	 F32) GEMM:12
"Convolution (NHWC, F32) DWConv",0.028,0.03038,0.441886%,27.8338%,0,1,Delegate/Convolution (NHWC	 F32) DWConv:13
"Fully Connected (NC, F32) GEMM",0.29,0.30626,4.45465%,32.2884%,0,1,Delegate/Fully Connected (NC	 F32) GEMM:14
"Convolution (NHWC, F32) DWConv",0.028,0.02974,0.432577%,32.721%,0,1,Delegate/Convolution (NHWC	 F32) DWConv:15
"Fully Connected (NC, F32) GEMM",0.289,0.30345,4.41377%,37.1348%,0,1,Delegate/Fully Connected (NC	 F32) GEMM:16
"Convolution (NHWC, F32) DWConv",0.028,0.02925,0.42545%,37.5602%,0,1,Delegate/Convolution (NHWC	 F32) DWConv:17
"Fully Connected (NC, F32) GEMM",0.292,0.3118,4.53523%,42.0954%,0,1,Delegate/Fully Connected (NC	 F32) GEMM:18
"Convolution (NHWC, F32) DWConv",0.028,0.03048,0.443341%,42.5388%,0,1,Delegate/Convolution (NHWC	 F32) DWConv:19
"Fully Connected (NC, F32) GEMM",0.291,0.30488,4.43457%,46.9733%,0,1,Delegate/Fully Connected (NC	 F32) GEMM:20
"Convolution (NHWC, F32) DWConv",0.007,0.00722,0.105017%,47.0784%,0,1,Delegate/Convolution (NHWC	 F32) DWConv:21
"Fully Connected (NC, F32) GEMM",0.151,0.15436,2.24521%,49.3236%,0,1,Delegate/Fully Connected (NC	 F32) GEMM:22
"Convolution (NHWC, F32) DWConv",0.013,0.01415,0.205816%,49.5294%,0,1,Delegate/Convolution (NHWC	 F32) DWConv:23
"Fully Connected (NC, F32) GEMM",0.315,0.32758,4.76475%,54.2941%,0,1,Delegate/Fully Connected (NC	 F32) GEMM:24
"Convolution (NHWC, F32) DWConv",0.014,0.01461,0.212507%,54.5066%,0,1,Delegate/Convolution (NHWC	 F32) DWConv:25
"Fully Connected (NC, F32) GEMM",0.315,0.32285,4.69595%,59.2026%,0,1,Delegate/Fully Connected (NC	 F32) GEMM:26
"Convolution (NHWC, F32) DWConv",0.014,0.01476,0.214689%,59.4173%,0,1,Delegate/Convolution (NHWC	 F32) DWConv:27
"Fully Connected (NC, F32) GEMM",0.307,0.32672,4.75224%,64.1695%,0,1,Delegate/Fully Connected (NC	 F32) GEMM:28
"Convolution (NHWC, F32) DWConv",0.014,0.0148,0.215271%,64.3848%,0,1,Delegate/Convolution (NHWC	 F32) DWConv:29
"Fully Connected (NC, F32) GEMM",0.307,0.32526,4.73101%,69.1158%,0,1,Delegate/Fully Connected (NC	 F32) GEMM:30
"Convolution (NHWC, F32) DWConv",0.014,0.01495,0.217452%,69.3333%,0,1,Delegate/Convolution (NHWC	 F32) DWConv:31
"Fully Connected (NC, F32) GEMM",0.312,0.32941,4.79137%,74.1246%,0,1,Delegate/Fully Connected (NC	 F32) GEMM:32
"Convolution (NHWC, F32) DWConv",0.014,0.01512,0.219925%,74.3446%,0,1,Delegate/Convolution (NHWC	 F32) DWConv:33
"Fully Connected (NC, F32) GEMM",0.358,0.32265,4.69304%,79.0376%,0,1,Delegate/Fully Connected (NC	 F32) GEMM:34
"Convolution (NHWC, F32) DWConv",0.015,0.0143,0.207998%,79.2456%,0,1,Delegate/Convolution (NHWC	 F32) DWConv:35
"Fully Connected (NC, F32) GEMM",0.314,0.31857,4.6337%,83.8793%,0,1,Delegate/Fully Connected (NC	 F32) GEMM:36
"Convolution (NHWC, F32) DWConv",0.014,0.01476,0.214689%,84.094%,0,1,Delegate/Convolution (NHWC	 F32) DWConv:37
"Fully Connected (NC, F32) GEMM",0.309,0.32591,4.74046%,88.8344%,0,1,Delegate/Fully Connected (NC	 F32) GEMM:38
"Convolution (NHWC, F32) DWConv",0.014,0.0151,0.219634%,89.0541%,0,1,Delegate/Convolution (NHWC	 F32) DWConv:39
"Fully Connected (NC, F32) GEMM",0.362,0.32307,4.69915%,93.7532%,0,1,Delegate/Fully Connected (NC	 F32) GEMM:40
"Convolution (NHWC, F32) DWConv",0.004,0.00336,0.0488722%,93.8021%,0,1,Delegate/Convolution (NHWC	 F32) DWConv:41
"Fully Connected (NC, F32) GEMM",0.43,0.33378,4.85493%,98.657%,0,1,Delegate/Fully Connected (NC	 F32) GEMM:42
Sum (ND) Reduce,0.002,0.00119,0.0173089%,98.6743%,0,1,Delegate/Sum (ND) Reduce:43
"Fully Connected (NC, F32) GEMM",0.123,0.09114,1.32566%,100%,0,1,Delegate/Fully Connected (NC	 F32) GEMM:44

============================== Top by Computation Time ==============================
node type,first,avg_ms,%,cdf%,mem KB,times called,name
"Convolution (NHWC, F32) IGEMM",0.325,0.35206,5.12082%,5.12082%,0,1,Delegate/Convolution (NHWC	 F32) IGEMM:0
"Fully Connected (NC, F32) GEMM",0.43,0.33378,4.85493%,9.97575%,0,1,Delegate/Fully Connected (NC	 F32) GEMM:42
"Fully Connected (NC, F32) GEMM",0.312,0.32941,4.79137%,14.7671%,0,1,Delegate/Fully Connected (NC	 F32) GEMM:32
"Fully Connected (NC, F32) GEMM",0.315,0.32758,4.76475%,19.5319%,0,1,Delegate/Fully Connected (NC	 F32) GEMM:24
"Fully Connected (NC, F32) GEMM",0.307,0.32672,4.75224%,24.2841%,0,1,Delegate/Fully Connected (NC	 F32) GEMM:28
"Fully Connected (NC, F32) GEMM",0.309,0.32591,4.74046%,29.0246%,0,1,Delegate/Fully Connected (NC	 F32) GEMM:38
"Fully Connected (NC, F32) GEMM",0.307,0.32526,4.73101%,33.7556%,0,1,Delegate/Fully Connected (NC	 F32) GEMM:30
"Fully Connected (NC, F32) GEMM",0.362,0.32307,4.69915%,38.4547%,0,1,Delegate/Fully Connected (NC	 F32) GEMM:40
"Fully Connected (NC, F32) GEMM",0.315,0.32285,4.69595%,43.1507%,0,1,Delegate/Fully Connected (NC	 F32) GEMM:26
"Fully Connected (NC, F32) GEMM",0.358,0.32265,4.69304%,47.8437%,0,1,Delegate/Fully Connected (NC	 F32) GEMM:34

Number of nodes executed: 45
============================== Summary by node type ==============================
node type,count,avg_ms,avg %,cdf %,mem KB,times called
"Fully Connected (NC, F32) GEMM",22,6.037,88.08%,88.08%,0,22
"Convolution (NHWC, F32) DWConv",21,0.464,6.76977%,94.8497%,0,21
"Convolution (NHWC, F32) IGEMM",1,0.352,5.13569%,99.9854%,0,1
Sum (ND) Reduce,1,0.001,0.01459%,100%,0,1

Timings (microseconds): count=100 first=6854 curr=6818 min=6436 max=8362 avg=6875.07 std=348
Memory (bytes): count=0
45 nodes observed


