Profiling Info for Benchmark Initialization:
============================== Run Order ==============================
node type,first,avg_ms,%,cdf%,mem KB,times called,name
ModifyGraphWithDelegate,3.662,3.662,55.9682%,55.9682%,15616,1,ModifyGraphWithDelegate/0
AllocateTensors,2.881,2.881,44.0318%,100%,7424,1,AllocateTensors/0

============================== Top by Computation Time ==============================
node type,first,avg_ms,%,cdf%,mem KB,times called,name
ModifyGraphWithDelegate,3.662,3.662,55.9682%,55.9682%,15616,1,ModifyGraphWithDelegate/0
AllocateTensors,2.881,2.881,44.0318%,100%,7424,1,AllocateTensors/0

Number of nodes executed: 2
============================== Summary by node type ==============================
node type,count,avg_ms,avg %,cdf %,mem KB,times called
ModifyGraphWithDelegate,1,3.662,55.9682%,55.9682%,15616,1
AllocateTensors,1,2.881,44.0318%,100%,7424,1

Timings (microseconds): count=1 curr=6543
Memory (bytes): count=0
2 nodes observed


Operator-wise Profiling Info for Regular Benchmark Runs:
============================== Run Order ==============================
node type,first,avg_ms,%,cdf%,mem KB,times called,name
"Convolution (NHWC, F32) IGEMM",0.394,0.36629,5.23304%,5.23304%,0,1,Delegate/Convolution (NHWC	 F32) IGEMM:0
"Convolution (NHWC, F32) DWConv",0.057,0.06003,0.857625%,6.09067%,0,1,Delegate/Convolution (NHWC	 F32) DWConv:1
"Fully Connected (NC, F32) GEMM",0.16,0.15942,2.27757%,8.36824%,0,1,Delegate/Fully Connected (NC	 F32) GEMM:2
"Convolution (NHWC, F32) DWConv",0.051,0.05006,0.715188%,9.08343%,0,1,Delegate/Convolution (NHWC	 F32) DWConv:3
"Fully Connected (NC, F32) GEMM",0.157,0.16084,2.29786%,11.3813%,0,1,Delegate/Fully Connected (NC	 F32) GEMM:4
"Convolution (NHWC, F32) DWConv",0.012,0.01325,0.189298%,11.5706%,0,1,Delegate/Convolution (NHWC	 F32) DWConv:5
"Fully Connected (NC, F32) GEMM",0.099,0.10283,1.46909%,13.0397%,0,1,Delegate/Fully Connected (NC	 F32) GEMM:6
"Convolution (NHWC, F32) DWConv",0.03,0.03116,0.445171%,13.4848%,0,1,Delegate/Convolution (NHWC	 F32) DWConv:7
"Fully Connected (NC, F32) GEMM",0.3,0.30906,4.41542%,17.9003%,0,1,Delegate/Fully Connected (NC	 F32) GEMM:8
"Convolution (NHWC, F32) DWConv",0.03,0.03052,0.436027%,18.3363%,0,1,Delegate/Convolution (NHWC	 F32) DWConv:9
"Fully Connected (NC, F32) GEMM",0.3,0.30768,4.3957%,22.732%,0,1,Delegate/Fully Connected (NC	 F32) GEMM:10
"Convolution (NHWC, F32) DWConv",0.03,0.03127,0.446742%,23.1787%,0,1,Delegate/Convolution (NHWC	 F32) DWConv:11
"Fully Connected (NC, F32) GEMM",0.306,0.31029,4.43299%,27.6117%,0,1,Delegate/Fully Connected (NC	 F32) GEMM:12
"Convolution (NHWC, F32) DWConv",0.03,0.03252,0.464601%,28.0763%,0,1,Delegate/Convolution (NHWC	 F32) DWConv:13
"Fully Connected (NC, F32) GEMM",0.299,0.30987,4.42699%,32.5033%,0,1,Delegate/Fully Connected (NC	 F32) GEMM:14
"Convolution (NHWC, F32) DWConv",0.03,0.03146,0.449457%,32.9528%,0,1,Delegate/Convolution (NHWC	 F32) DWConv:15
"Fully Connected (NC, F32) GEMM",0.299,0.30844,4.40656%,37.3593%,0,1,Delegate/Fully Connected (NC	 F32) GEMM:16
"Convolution (NHWC, F32) DWConv",0.03,0.03124,0.446314%,37.8057%,0,1,Delegate/Convolution (NHWC	 F32) DWConv:17
"Fully Connected (NC, F32) GEMM",0.301,0.31151,4.45042%,42.2561%,0,1,Delegate/Fully Connected (NC	 F32) GEMM:18
"Convolution (NHWC, F32) DWConv",0.03,0.03239,0.462743%,42.7188%,0,1,Delegate/Convolution (NHWC	 F32) DWConv:19
"Fully Connected (NC, F32) GEMM",0.302,0.30866,4.40971%,47.1285%,0,1,Delegate/Fully Connected (NC	 F32) GEMM:20
"Convolution (NHWC, F32) DWConv",0.007,0.00779,0.111293%,47.2398%,0,1,Delegate/Convolution (NHWC	 F32) DWConv:21
"Fully Connected (NC, F32) GEMM",0.167,0.15284,2.18357%,49.4234%,0,1,Delegate/Fully Connected (NC	 F32) GEMM:22
"Convolution (NHWC, F32) DWConv",0.02,0.01471,0.210156%,49.6335%,0,1,Delegate/Convolution (NHWC	 F32) DWConv:23
"Fully Connected (NC, F32) GEMM",0.336,0.32589,4.65586%,54.2894%,0,1,Delegate/Fully Connected (NC	 F32) GEMM:24
"Convolution (NHWC, F32) DWConv",0.014,0.01468,0.209727%,54.4991%,0,1,Delegate/Convolution (NHWC	 F32) DWConv:25
"Fully Connected (NC, F32) GEMM",0.318,0.32205,4.601%,59.1001%,0,1,Delegate/Fully Connected (NC	 F32) GEMM:26
"Convolution (NHWC, F32) DWConv",0.015,0.01513,0.216156%,59.3163%,0,1,Delegate/Convolution (NHWC	 F32) DWConv:27
"Fully Connected (NC, F32) GEMM",0.317,0.3231,4.616%,63.9323%,0,1,Delegate/Fully Connected (NC	 F32) GEMM:28
"Convolution (NHWC, F32) DWConv",0.015,0.01497,0.213871%,64.1462%,0,1,Delegate/Convolution (NHWC	 F32) DWConv:29
"Fully Connected (NC, F32) GEMM",0.318,0.3264,4.66315%,68.8093%,0,1,Delegate/Fully Connected (NC	 F32) GEMM:30
"Convolution (NHWC, F32) DWConv",0.014,0.01498,0.214013%,69.0233%,0,1,Delegate/Convolution (NHWC	 F32) DWConv:31
"Fully Connected (NC, F32) GEMM",0.311,0.32286,4.61258%,73.6359%,0,1,Delegate/Fully Connected (NC	 F32) GEMM:32
"Convolution (NHWC, F32) DWConv",0.014,0.01505,0.215014%,73.8509%,0,1,Delegate/Convolution (NHWC	 F32) DWConv:33
"Fully Connected (NC, F32) GEMM",0.311,0.32406,4.62972%,78.4806%,0,1,Delegate/Fully Connected (NC	 F32) GEMM:34
"Convolution (NHWC, F32) DWConv",0.014,0.01489,0.212728%,78.6934%,0,1,Delegate/Convolution (NHWC	 F32) DWConv:35
"Fully Connected (NC, F32) GEMM",0.313,0.32504,4.64372%,83.3371%,0,1,Delegate/Fully Connected (NC	 F32) GEMM:36
"Convolution (NHWC, F32) DWConv",0.014,0.01498,0.214013%,83.5511%,0,1,Delegate/Convolution (NHWC	 F32) DWConv:37
"Fully Connected (NC, F32) GEMM",0.322,0.32314,4.61658%,88.1677%,0,1,Delegate/Fully Connected (NC	 F32) GEMM:38
"Convolution (NHWC, F32) DWConv",0.016,0.01526,0.218014%,88.3857%,0,1,Delegate/Convolution (NHWC	 F32) DWConv:39
"Fully Connected (NC, F32) GEMM",0.367,0.32592,4.65629%,93.042%,0,1,Delegate/Fully Connected (NC	 F32) GEMM:40
"Convolution (NHWC, F32) DWConv",0.004,0.00375,0.0535748%,93.0956%,0,1,Delegate/Convolution (NHWC	 F32) DWConv:41
"Fully Connected (NC, F32) GEMM",0.364,0.35752,5.10775%,98.2033%,0,1,Delegate/Fully Connected (NC	 F32) GEMM:42
Sum (ND) Reduce,0.001,0.00108,0.0154295%,98.2187%,0,1,Delegate/Sum (ND) Reduce:43
"Fully Connected (NC, F32) GEMM",0.143,0.12468,1.78125%,100%,0,1,Delegate/Fully Connected (NC	 F32) GEMM:44

============================== Top by Computation Time ==============================
node type,first,avg_ms,%,cdf%,mem KB,times called,name
"Convolution (NHWC, F32) IGEMM",0.394,0.36629,5.23304%,5.23304%,0,1,Delegate/Convolution (NHWC	 F32) IGEMM:0
"Fully Connected (NC, F32) GEMM",0.364,0.35752,5.10775%,10.3408%,0,1,Delegate/Fully Connected (NC	 F32) GEMM:42
"Fully Connected (NC, F32) GEMM",0.318,0.3264,4.66315%,15.0039%,0,1,Delegate/Fully Connected (NC	 F32) GEMM:30
"Fully Connected (NC, F32) GEMM",0.367,0.32592,4.65629%,19.6602%,0,1,Delegate/Fully Connected (NC	 F32) GEMM:40
"Fully Connected (NC, F32) GEMM",0.336,0.32589,4.65586%,24.3161%,0,1,Delegate/Fully Connected (NC	 F32) GEMM:24
"Fully Connected (NC, F32) GEMM",0.313,0.32504,4.64372%,28.9598%,0,1,Delegate/Fully Connected (NC	 F32) GEMM:36
"Fully Connected (NC, F32) GEMM",0.311,0.32406,4.62972%,33.5895%,0,1,Delegate/Fully Connected (NC	 F32) GEMM:34
"Fully Connected (NC, F32) GEMM",0.322,0.32314,4.61658%,38.2061%,0,1,Delegate/Fully Connected (NC	 F32) GEMM:38
"Fully Connected (NC, F32) GEMM",0.317,0.3231,4.616%,42.8221%,0,1,Delegate/Fully Connected (NC	 F32) GEMM:28
"Fully Connected (NC, F32) GEMM",0.311,0.32286,4.61258%,47.4347%,0,1,Delegate/Fully Connected (NC	 F32) GEMM:32

Number of nodes executed: 45
============================== Summary by node type ==============================
node type,count,avg_ms,avg %,cdf %,mem KB,times called
"Fully Connected (NC, F32) GEMM",22,6.131,87.8619%,87.8619%,0,22
"Convolution (NHWC, F32) DWConv",21,0.48,6.87876%,94.7406%,0,21
"Convolution (NHWC, F32) IGEMM",1,0.366,5.24506%,99.9857%,0,1
Sum (ND) Reduce,1,0.001,0.0143308%,100%,0,1

Timings (microseconds): count=100 first=6982 curr=6837 min=6519 max=8451 avg=6999.56 std=375
Memory (bytes): count=0
45 nodes observed


