Profiling Info for Benchmark Initialization:
============================== Run Order ==============================
node type,first,avg_ms,%,cdf%,mem KB,times called,name
ModifyGraphWithDelegate,42.582,42.582,93.5683%,93.5683%,18944,1,ModifyGraphWithDelegate/0
AllocateTensors,2.927,2.927,6.43169%,100%,2304,1,AllocateTensors/0

============================== Top by Computation Time ==============================
node type,first,avg_ms,%,cdf%,mem KB,times called,name
ModifyGraphWithDelegate,42.582,42.582,93.5683%,93.5683%,18944,1,ModifyGraphWithDelegate/0
AllocateTensors,2.927,2.927,6.43169%,100%,2304,1,AllocateTensors/0

Number of nodes executed: 2
============================== Summary by node type ==============================
node type,count,avg_ms,avg %,cdf %,mem KB,times called
ModifyGraphWithDelegate,1,42.582,93.5683%,93.5683%,18944,1
AllocateTensors,1,2.927,6.43169%,100%,2304,1

Timings (microseconds): count=1 curr=45509
Memory (bytes): count=0
2 nodes observed


Operator-wise Profiling Info for Regular Benchmark Runs:
============================== Run Order ==============================
node type,first,avg_ms,%,cdf%,mem KB,times called,name
"Convolution (NHWC, F32) IGEMM",0.192,0.1981,9.45494%,9.45494%,0,1,Delegate/Convolution (NHWC	 F32) IGEMM:0
HardSwish (NC),0.016,0.0365,1.74208%,11.197%,0,1,Delegate/HardSwish (NC):1
"Convolution (NHWC, F32) DWConv",0.017,0.0257,1.22661%,12.4236%,0,1,Delegate/Convolution (NHWC	 F32) DWConv:2
Sum (ND) Reduce,0.012,0.0137,0.653876%,13.0775%,0,1,Delegate/Sum (ND) Reduce:3
Multiply (ND),0,0,0%,13.0775%,0,1,Delegate/Multiply (ND):4
Static Reshape (NC),0,0,0%,13.0775%,0,1,Delegate/Static Reshape (NC):5
"Fully Connected (NC, F32) GEMM",0,0,0%,13.0775%,0,1,Delegate/Fully Connected (NC	 F32) GEMM:6
"Fully Connected (NC, F32) GEMM",0,0,0%,13.0775%,0,1,Delegate/Fully Connected (NC	 F32) GEMM:7
Multiply (ND),0,0,0%,13.0775%,0,1,Delegate/Multiply (ND):8
Multiply (ND),0.008,0.029,1.38412%,14.4616%,0,1,Delegate/Multiply (ND):9
"Fully Connected (NC, F32) GEMM",0.01,0.0197,0.940244%,15.4019%,0,1,Delegate/Fully Connected (NC	 F32) GEMM:10
"Fully Connected (NC, F32) GEMM",0.048,0.0289,1.37934%,16.7812%,0,1,Delegate/Fully Connected (NC	 F32) GEMM:11
"Convolution (NHWC, F32) DWConv",0.017,0.016,0.76365%,17.5449%,0,1,Delegate/Convolution (NHWC	 F32) DWConv:12
"Fully Connected (NC, F32) GEMM",0.012,0.0173,0.825697%,18.3706%,0,1,Delegate/Fully Connected (NC	 F32) GEMM:13
"Fully Connected (NC, F32) GEMM",0.014,0.0133,0.634784%,19.0053%,0,1,Delegate/Fully Connected (NC	 F32) GEMM:14
"Convolution (NHWC, F32) DWConv",0.015,0.0135,0.64433%,19.6497%,0,1,Delegate/Convolution (NHWC	 F32) DWConv:15
"Fully Connected (NC, F32) GEMM",0.015,0.0132,0.630011%,20.2797%,0,1,Delegate/Fully Connected (NC	 F32) GEMM:16
Add (ND),0.004,0.0041,0.195685%,20.4754%,0,1,Delegate/Add (ND):17
"Fully Connected (NC, F32) GEMM",0.013,0.0132,0.630011%,21.1054%,0,1,Delegate/Fully Connected (NC	 F32) GEMM:18
HardSwish (NC),0.005,0.0065,0.310233%,21.4156%,0,1,Delegate/HardSwish (NC):19
"Convolution (NHWC, F32) DWConv",0.016,0.015,0.715922%,22.1315%,0,1,Delegate/Convolution (NHWC	 F32) DWConv:20
HardSwish (NC),0.003,0.0035,0.167048%,22.2986%,0,1,Delegate/HardSwish (NC):21
Sum (ND) Reduce,0.006,0.006,0.286369%,22.585%,0,1,Delegate/Sum (ND) Reduce:22
Multiply (ND),0.002,0.002,0.0954563%,22.6804%,0,1,Delegate/Multiply (ND):23
Static Reshape (NC),0,0,0%,22.6804%,0,1,Delegate/Static Reshape (NC):24
"Fully Connected (NC, F32) GEMM",0.002,0.0021,0.100229%,22.7806%,0,1,Delegate/Fully Connected (NC	 F32) GEMM:25
"Fully Connected (NC, F32) GEMM",0.002,0.0022,0.105002%,22.8856%,0,1,Delegate/Fully Connected (NC	 F32) GEMM:26
Multiply (ND),0.002,0.0022,0.105002%,22.9906%,0,1,Delegate/Multiply (ND):27
Multiply (ND),0.005,0.0392,1.87094%,24.8616%,0,1,Delegate/Multiply (ND):28
"Fully Connected (NC, F32) GEMM",0.01,0.0249,1.18843%,26.05%,0,1,Delegate/Fully Connected (NC	 F32) GEMM:29
"Fully Connected (NC, F32) GEMM",0.012,0.0369,1.76117%,27.8112%,0,1,Delegate/Fully Connected (NC	 F32) GEMM:30
HardSwish (NC),0.003,0.0151,0.720695%,28.5319%,0,1,Delegate/HardSwish (NC):31
"Convolution (NHWC, F32) DWConv",0.024,0.032,1.5273%,30.0592%,0,1,Delegate/Convolution (NHWC	 F32) DWConv:32
HardSwish (NC),0.006,0.0158,0.754105%,30.8133%,0,1,Delegate/HardSwish (NC):33
Sum (ND) Reduce,0.012,0.0124,0.591829%,31.4051%,0,1,Delegate/Sum (ND) Reduce:34
Multiply (ND),0.003,0.0102,0.486827%,31.8919%,0,1,Delegate/Multiply (ND):35
Static Reshape (NC),0,0,0%,31.8919%,0,1,Delegate/Static Reshape (NC):36
"Fully Connected (NC, F32) GEMM",0.002,0.0046,0.219549%,32.1115%,0,1,Delegate/Fully Connected (NC	 F32) GEMM:37
"Fully Connected (NC, F32) GEMM",0.003,0.003,0.143184%,32.2547%,0,1,Delegate/Fully Connected (NC	 F32) GEMM:38
Multiply (ND),0.003,0.0026,0.124093%,32.3788%,0,1,Delegate/Multiply (ND):39
Multiply (ND),0.007,0.0101,0.482054%,32.8608%,0,1,Delegate/Multiply (ND):40
"Fully Connected (NC, F32) GEMM",0.015,0.0181,0.863879%,33.7247%,0,1,Delegate/Fully Connected (NC	 F32) GEMM:41
Add (ND),0.005,0.0067,0.319779%,34.0445%,0,1,Delegate/Add (ND):42
"Fully Connected (NC, F32) GEMM",0.013,0.0153,0.730241%,34.7747%,0,1,Delegate/Fully Connected (NC	 F32) GEMM:43
HardSwish (NC),0.004,0.0037,0.176594%,34.9513%,0,1,Delegate/HardSwish (NC):44
"Convolution (NHWC, F32) DWConv",0.024,0.0287,1.3698%,36.3211%,0,1,Delegate/Convolution (NHWC	 F32) DWConv:45
HardSwish (NC),0.006,0.0282,1.34593%,37.667%,0,1,Delegate/HardSwish (NC):46
Sum (ND) Reduce,0.012,0.0121,0.577511%,38.2446%,0,1,Delegate/Sum (ND) Reduce:47
Multiply (ND),0.018,0.0169,0.806606%,39.0512%,0,1,Delegate/Multiply (ND):48
Static Reshape (NC),0,0,0%,39.0512%,0,1,Delegate/Static Reshape (NC):49
"Fully Connected (NC, F32) GEMM",0.002,0.0147,0.701604%,39.7528%,0,1,Delegate/Fully Connected (NC	 F32) GEMM:50
"Fully Connected (NC, F32) GEMM",0.027,0.0335,1.59889%,41.3517%,0,1,Delegate/Fully Connected (NC	 F32) GEMM:51
Multiply (ND),0.003,0.029,1.38412%,42.7358%,0,1,Delegate/Multiply (ND):52
Multiply (ND),0.007,0.0381,1.81844%,44.5542%,0,1,Delegate/Multiply (ND):53
"Fully Connected (NC, F32) GEMM",0.016,0.0316,1.50821%,46.0624%,0,1,Delegate/Fully Connected (NC	 F32) GEMM:54
Add (ND),0.004,0.0165,0.787514%,46.8499%,0,1,Delegate/Add (ND):55
"Fully Connected (NC, F32) GEMM",0.01,0.0167,0.79706%,47.647%,0,1,Delegate/Fully Connected (NC	 F32) GEMM:56
HardSwish (NC),0.004,0.0041,0.195685%,47.8427%,0,1,Delegate/HardSwish (NC):57
"Convolution (NHWC, F32) DWConv",0.013,0.0131,0.625239%,48.4679%,0,1,Delegate/Convolution (NHWC	 F32) DWConv:58
HardSwish (NC),0.004,0.0038,0.181367%,48.6493%,0,1,Delegate/HardSwish (NC):59
Sum (ND) Reduce,0.007,0.0081,0.386598%,49.0359%,0,1,Delegate/Sum (ND) Reduce:60
Multiply (ND),0.003,0.024,1.14548%,50.1814%,0,1,Delegate/Multiply (ND):61
Static Reshape (NC),0,0,0%,50.1814%,0,1,Delegate/Static Reshape (NC):62
"Fully Connected (NC, F32) GEMM",0.002,0.0188,0.897289%,51.0787%,0,1,Delegate/Fully Connected (NC	 F32) GEMM:63
"Fully Connected (NC, F32) GEMM",0.003,0.0153,0.730241%,51.8089%,0,1,Delegate/Fully Connected (NC	 F32) GEMM:64
Multiply (ND),0.003,0.0104,0.496373%,52.3053%,0,1,Delegate/Multiply (ND):65
Multiply (ND),0.006,0.0056,0.267278%,52.5725%,0,1,Delegate/Multiply (ND):66
"Fully Connected (NC, F32) GEMM",0.01,0.0096,0.45819%,53.0307%,0,1,Delegate/Fully Connected (NC	 F32) GEMM:67
"Fully Connected (NC, F32) GEMM",0.011,0.0096,0.45819%,53.4889%,0,1,Delegate/Fully Connected (NC	 F32) GEMM:68
HardSwish (NC),0.003,0.0032,0.15273%,53.6417%,0,1,Delegate/HardSwish (NC):69
"Convolution (NHWC, F32) DWConv",0.017,0.0158,0.754105%,54.3958%,0,1,Delegate/Convolution (NHWC	 F32) DWConv:70
HardSwish (NC),0.004,0.0044,0.210004%,54.6058%,0,1,Delegate/HardSwish (NC):71
Sum (ND) Reduce,0.008,0.0145,0.692058%,55.2978%,0,1,Delegate/Sum (ND) Reduce:72
Multiply (ND),0.002,0.0159,0.758877%,56.0567%,0,1,Delegate/Multiply (ND):73
Static Reshape (NC),0,0,0%,56.0567%,0,1,Delegate/Static Reshape (NC):74
"Fully Connected (NC, F32) GEMM",0.002,0.0173,0.825697%,56.8824%,0,1,Delegate/Fully Connected (NC	 F32) GEMM:75
"Fully Connected (NC, F32) GEMM",0.002,0.0109,0.520237%,57.4026%,0,1,Delegate/Fully Connected (NC	 F32) GEMM:76
Multiply (ND),0.002,0.0149,0.711149%,58.1138%,0,1,Delegate/Multiply (ND):77
Multiply (ND),0.007,0.0165,0.787514%,58.9013%,0,1,Delegate/Multiply (ND):78
"Fully Connected (NC, F32) GEMM",0.01,0.0308,1.47003%,60.3713%,0,1,Delegate/Fully Connected (NC	 F32) GEMM:79
Add (ND),0.004,0.0238,1.13593%,61.5073%,0,1,Delegate/Add (ND):80
"Fully Connected (NC, F32) GEMM",0.021,0.0322,1.53685%,63.0441%,0,1,Delegate/Fully Connected (NC	 F32) GEMM:81
HardSwish (NC),0.004,0.0116,0.553646%,63.5977%,0,1,Delegate/HardSwish (NC):82
"Convolution (NHWC, F32) DWConv",0.014,0.0451,2.15254%,65.7503%,0,1,Delegate/Convolution (NHWC	 F32) DWConv:83
HardSwish (NC),0.003,0.0432,2.06186%,67.8121%,0,1,Delegate/HardSwish (NC):84
Sum (ND) Reduce,0.002,0.0026,0.124093%,67.9362%,0,1,Delegate/Sum (ND) Reduce:85
Multiply (ND),0.003,0.0272,1.29821%,69.2344%,0,1,Delegate/Multiply (ND):86
Static Reshape (NC),0,0,0%,69.2344%,0,1,Delegate/Static Reshape (NC):87
"Fully Connected (NC, F32) GEMM",0.003,0.0248,1.18366%,70.4181%,0,1,Delegate/Fully Connected (NC	 F32) GEMM:88
"Fully Connected (NC, F32) GEMM",0.003,0.0126,0.601375%,71.0195%,0,1,Delegate/Fully Connected (NC	 F32) GEMM:89
Multiply (ND),0.003,0.0089,0.42478%,71.4443%,0,1,Delegate/Multiply (ND):90
Multiply (ND),0.004,0.0115,0.548874%,71.9931%,0,1,Delegate/Multiply (ND):91
"Fully Connected (NC, F32) GEMM",0.012,0.0148,0.706376%,72.6995%,0,1,Delegate/Fully Connected (NC	 F32) GEMM:92
"Fully Connected (NC, F32) GEMM",0.021,0.0218,1.04047%,73.74%,0,1,Delegate/Fully Connected (NC	 F32) GEMM:93
HardSwish (NC),0.004,0.0053,0.252959%,73.9929%,0,1,Delegate/HardSwish (NC):94
"Convolution (NHWC, F32) DWConv",0.02,0.0204,0.973654%,74.9666%,0,1,Delegate/Convolution (NHWC	 F32) DWConv:95
HardSwish (NC),0.005,0.0043,0.205231%,75.1718%,0,1,Delegate/HardSwish (NC):96
Sum (ND) Reduce,0.004,0.0042,0.200458%,75.3723%,0,1,Delegate/Sum (ND) Reduce:97
Multiply (ND),0.004,0.0032,0.15273%,75.525%,0,1,Delegate/Multiply (ND):98
Static Reshape (NC),0,0,0%,75.525%,0,1,Delegate/Static Reshape (NC):99
"Fully Connected (NC, F32) GEMM",0.004,0.0049,0.233868%,75.7589%,0,1,Delegate/Fully Connected (NC	 F32) GEMM:100
"Fully Connected (NC, F32) GEMM",0.005,0.0045,0.214777%,75.9737%,0,1,Delegate/Fully Connected (NC	 F32) GEMM:101
Multiply (ND),0.004,0.0032,0.15273%,76.1264%,0,1,Delegate/Multiply (ND):102
Multiply (ND),0.006,0.0059,0.281596%,76.408%,0,1,Delegate/Multiply (ND):103
"Fully Connected (NC, F32) GEMM",0.02,0.0337,1.60844%,78.0164%,0,1,Delegate/Fully Connected (NC	 F32) GEMM:104
Add (ND),0.004,0.0279,1.33162%,79.348%,0,1,Delegate/Add (ND):105
"Fully Connected (NC, F32) GEMM",0.021,0.0397,1.89481%,81.2428%,0,1,Delegate/Fully Connected (NC	 F32) GEMM:106
HardSwish (NC),0.004,0.0183,0.873425%,82.1163%,0,1,Delegate/HardSwish (NC):107
"Convolution (NHWC, F32) DWConv",0.019,0.0289,1.37934%,83.4956%,0,1,Delegate/Convolution (NHWC	 F32) DWConv:108
HardSwish (NC),0.005,0.033,1.57503%,85.0706%,0,1,Delegate/HardSwish (NC):109
Sum (ND) Reduce,0.004,0.0043,0.205231%,85.2759%,0,1,Delegate/Sum (ND) Reduce:110
Multiply (ND),0.003,0.0165,0.787514%,86.0634%,0,1,Delegate/Multiply (ND):111
Static Reshape (NC),0,0,0%,86.0634%,0,1,Delegate/Static Reshape (NC):112
"Fully Connected (NC, F32) GEMM",0.005,0.0154,0.735013%,86.7984%,0,1,Delegate/Fully Connected (NC	 F32) GEMM:113
"Fully Connected (NC, F32) GEMM",0.004,0.0142,0.67774%,87.4761%,0,1,Delegate/Fully Connected (NC	 F32) GEMM:114
Multiply (ND),0.003,0.0142,0.67774%,88.1539%,0,1,Delegate/Multiply (ND):115
Multiply (ND),0.007,0.0185,0.882971%,89.0368%,0,1,Delegate/Multiply (ND):116
"Fully Connected (NC, F32) GEMM",0.02,0.0293,1.39843%,90.4353%,0,1,Delegate/Fully Connected (NC	 F32) GEMM:117
Add (ND),0.004,0.016,0.76365%,91.1989%,0,1,Delegate/Add (ND):118
"Fully Connected (NC, F32) GEMM",0.021,0.0292,1.39366%,92.5926%,0,1,Delegate/Fully Connected (NC	 F32) GEMM:119
HardSwish (NC),0.004,0.018,0.859107%,93.4517%,0,1,Delegate/HardSwish (NC):120
Sum (ND) Reduce,0.005,0.0075,0.357961%,93.8097%,0,1,Delegate/Sum (ND) Reduce:121
Multiply (ND),0.004,0.032,1.5273%,95.337%,0,1,Delegate/Multiply (ND):122
Static Reshape (NC),0,0,0%,95.337%,0,1,Delegate/Static Reshape (NC):123
"Fully Connected (NC, F32) GEMM",0.037,0.0436,2.08095%,97.4179%,0,1,Delegate/Fully Connected (NC	 F32) GEMM:124
HardSwish (NC),0,0.0001,0.00477281%,97.4227%,0,1,Delegate/HardSwish (NC):125
Static Reshape (NC),0,0,0%,97.4227%,0,1,Delegate/Static Reshape (NC):126
"Fully Connected (NC, F32) GEMM",0.031,0.054,2.57732%,100%,0,1,Delegate/Fully Connected (NC	 F32) GEMM:127

============================== Top by Computation Time ==============================
node type,first,avg_ms,%,cdf%,mem KB,times called,name
"Convolution (NHWC, F32) IGEMM",0.192,0.1981,9.45494%,9.45494%,0,1,Delegate/Convolution (NHWC	 F32) IGEMM:0
"Fully Connected (NC, F32) GEMM",0.031,0.054,2.57732%,12.0323%,0,1,Delegate/Fully Connected (NC	 F32) GEMM:127
"Convolution (NHWC, F32) DWConv",0.014,0.0451,2.15254%,14.1848%,0,1,Delegate/Convolution (NHWC	 F32) DWConv:83
"Fully Connected (NC, F32) GEMM",0.037,0.0436,2.08095%,16.2658%,0,1,Delegate/Fully Connected (NC	 F32) GEMM:124
HardSwish (NC),0.003,0.0432,2.06186%,18.3276%,0,1,Delegate/HardSwish (NC):84
"Fully Connected (NC, F32) GEMM",0.021,0.0397,1.89481%,20.2224%,0,1,Delegate/Fully Connected (NC	 F32) GEMM:106
Multiply (ND),0.005,0.0392,1.87094%,22.0934%,0,1,Delegate/Multiply (ND):28
Multiply (ND),0.007,0.0381,1.81844%,23.9118%,0,1,Delegate/Multiply (ND):53
"Fully Connected (NC, F32) GEMM",0.012,0.0369,1.76117%,25.673%,0,1,Delegate/Fully Connected (NC	 F32) GEMM:30
HardSwish (NC),0.016,0.0365,1.74208%,27.415%,0,1,Delegate/HardSwish (NC):1

Number of nodes executed: 128
============================== Summary by node type ==============================
node type,count,avg_ms,avg %,cdf %,mem KB,times called
"Fully Connected (NC, F32) GEMM",42,0.776,37.8906%,37.8906%,0,42
Multiply (ND),28,0.398,19.4336%,57.3242%,0,28
HardSwish (NC),19,0.252,12.3047%,69.6289%,0,19
"Convolution (NHWC, F32) DWConv",11,0.25,12.207%,81.8359%,0,11
"Convolution (NHWC, F32) IGEMM",1,0.198,9.66797%,91.5039%,0,1
Add (ND),6,0.092,4.49219%,95.9961%,0,6
Sum (ND) Reduce,10,0.082,4.00391%,100%,0,10
Static Reshape (NC),11,0,0%,100%,0,11

Timings (microseconds): count=10 first=1188 curr=1607 min=924 max=5084 avg=2095.2 std=1437
Memory (bytes): count=0
128 nodes observed


